# Teilchenzahl: 648
# Len: 18.6206
2.3000000000000003	6.2800000000000002	1.1300000000000001	-0.8476000000000000
1.3700000000000001	6.2599999999999998	1.5000000000000000	0.4238000000000000
2.3100000000000001	5.8899999999999997	0.2100000000000000	0.4238000000000000
2.2500000000000000	2.7500000000000000	9.9600000000000009	-0.8476000000000000
2.6000000000000001	2.5800000000000001	10.8800000000000008	0.4238000000000000
1.3700000000000001	2.3000000000000003	9.8399999999999999	0.4238000000000000
18.8099999999999987	3.6799999999999997	6.4700000000000006	-0.8476000000000000
18.0000000000000000	4.1099999999999994	6.8600000000000003	0.4238000000000000
18.5300000000000011	2.9499999999999997	5.8399999999999999	0.4238000000000000
5.6899999999999995	12.7500000000000000	11.6500000000000004	-0.8476000000000000
4.7599999999999998	12.6799999999999997	11.2799999999999994	0.4238000000000000
5.7999999999999998	13.6400000000000006	12.0899999999999999	0.4238000000000000
15.5499999999999989	15.1099999999999994	7.0299999999999994	-0.8476000000000000
14.9800000000000004	14.9500000000000011	7.8399999999999999	0.4238000000000000
14.9600000000000009	15.2099999999999991	6.2300000000000004	0.4238000000000000
17.4299999999999997	6.1799999999999997	8.5600000000000005	-0.8476000000000000
17.7600000000000016	7.1199999999999992	8.5600000000000005	0.4238000000000000
17.9499999999999993	5.6399999999999997	9.2200000000000006	0.4238000000000000
11.3499999999999996	7.0299999999999994	7.1699999999999999	-0.8476000000000000
11.9199999999999999	7.8100000000000005	6.9199999999999999	0.4238000000000000
10.7500000000000000	7.2900000000000000	7.9300000000000006	0.4238000000000000
17.5499999999999972	6.0700000000000003	2.3100000000000001	-0.8476000000000000
17.4299999999999997	5.9399999999999995	1.3300000000000001	0.4238000000000000
17.2500000000000000	5.2500000000000000	2.8000000000000003	0.4238000000000000
7.6799999999999997	11.4399999999999995	10.2299999999999986	-0.8476000000000000
6.8999999999999995	11.6099999999999994	10.8300000000000001	0.4238000000000000
8.0199999999999996	12.3100000000000005	9.8699999999999992	0.4238000000000000
8.5000000000000000	7.9800000000000004	18.2300000000000004	-0.8476000000000000
8.4599999999999991	8.7400000000000002	18.8799999999999990	0.4238000000000000
8.7200000000000006	8.3399999999999999	17.3200000000000003	0.4238000000000000
6.8500000000000005	10.1200000000000010	6.6500000000000004	-0.8476000000000000
7.5400000000000000	9.9600000000000009	7.3499999999999996	0.4238000000000000
6.1200000000000001	10.6899999999999995	7.0299999999999994	0.4238000000000000
6.8600000000000003	11.6099999999999994	18.0300000000000011	-0.8476000000000000
7.4600000000000000	12.4000000000000004	18.1699999999999982	0.4238000000000000
6.0000000000000000	11.9199999999999999	17.6200000000000010	0.4238000000000000
3.3500000000000001	14.3500000000000014	10.6099999999999994	-0.8476000000000000
2.5600000000000001	14.0399999999999991	10.0800000000000001	0.4238000000000000
3.9300000000000002	14.9300000000000015	10.0399999999999991	0.4238000000000000
14.5999999999999996	15.0499999999999989	13.3900000000000006	-0.8476000000000000
14.8399999999999999	15.9900000000000002	13.6500000000000004	0.4238000000000000
14.4399999999999995	14.5100000000000016	14.2100000000000009	0.4238000000000000
4.3799999999999999	3.9199999999999999	14.9900000000000020	-0.8476000000000000
5.2000000000000002	3.3600000000000003	15.0800000000000001	0.4238000000000000
3.5699999999999998	3.3400000000000003	15.0299999999999994	0.4238000000000000
16.0300000000000011	4.4699999999999998	7.3700000000000001	-0.8476000000000000
15.2899999999999991	4.9299999999999997	6.8700000000000010	0.4238000000000000
16.5399999999999991	5.1500000000000004	7.9000000000000004	0.4238000000000000
2.3100000000000001	17.1300000000000026	4.8300000000000001	-0.8476000000000000
2.6500000000000004	17.8999999999999986	5.3700000000000001	0.4238000000000000
2.7500000000000000	17.1300000000000026	3.9300000000000002	0.4238000000000000
11.2699999999999996	13.4100000000000001	16.8999999999999986	-0.8476000000000000
11.7399999999999984	13.4200000000000017	17.7800000000000011	0.4238000000000000
10.7899999999999991	12.5399999999999991	16.7899999999999991	0.4238000000000000
2.3000000000000003	14.3399999999999999	5.3800000000000008	-0.8476000000000000
2.0400000000000000	15.3099999999999987	5.3800000000000008	0.4238000000000000
1.5900000000000001	13.7999999999999989	5.8300000000000001	0.4238000000000000
2.3999999999999999	10.9100000000000001	8.8599999999999994	-0.8476000000000000
2.5400000000000000	10.0699999999999985	9.3799999999999990	0.4238000000000000
1.8500000000000001	11.5500000000000007	9.3999999999999986	0.4238000000000000
6.2000000000000002	17.8599999999999994	14.3900000000000006	-0.8476000000000000
5.2800000000000002	17.6899999999999977	14.7400000000000002	0.4238000000000000
6.4800000000000004	18.7799999999999976	14.6500000000000004	0.4238000000000000
6.0599999999999996	9.6400000000000006	1.2300000000000000	-0.8476000000000000
6.1299999999999999	10.4800000000000004	0.6900000000000001	0.4238000000000000
6.5200000000000005	9.7699999999999996	2.1099999999999999	0.4238000000000000
15.9400000000000013	1.1400000000000001	14.8000000000000007	-0.8476000000000000
15.7600000000000016	1.8100000000000001	14.0799999999999983	0.4238000000000000
15.9100000000000001	1.6000000000000001	15.6899999999999995	0.4238000000000000
1.2200000000000000	6.4299999999999997	5.6299999999999990	-0.8476000000000000
0.7700000000000000	5.5500000000000007	5.7999999999999998	0.4238000000000000
1.2100000000000000	6.9699999999999998	6.4700000000000006	0.4238000000000000
-0.2000000000000000	17.6699999999999982	3.5899999999999999	-0.8476000000000000
0.3400000000000000	17.3799999999999990	4.3799999999999999	0.4238000000000000
0.1000000000000000	18.5800000000000018	3.3000000000000003	0.4238000000000000
0.2700000000000000	15.9600000000000009	1.1700000000000002	-0.8476000000000000
0.0800000000000000	15.0000000000000000	1.3800000000000001	0.4238000000000000
-0.0600000000000000	16.5399999999999991	1.9199999999999999	0.4238000000000000
16.8900000000000006	9.2200000000000006	6.1200000000000001	-0.8476000000000000
17.8399999999999999	8.9299999999999997	6.2000000000000002	0.4238000000000000
16.8100000000000023	9.8699999999999992	5.3700000000000001	0.4238000000000000
16.4100000000000001	11.0800000000000018	4.3200000000000003	-0.8476000000000000
17.2599999999999980	11.1000000000000014	3.7999999999999998	0.4238000000000000
16.5500000000000007	11.5500000000000007	5.2000000000000002	0.4238000000000000
1.1300000000000001	7.3700000000000001	15.9699999999999989	-0.8476000000000000
2.0100000000000002	7.2400000000000002	16.4199999999999982	0.4238000000000000
1.0000000000000000	8.3399999999999999	15.7500000000000000	0.4238000000000000
6.1299999999999999	13.6500000000000004	7.2599999999999998	-0.8476000000000000
5.6399999999999997	12.7800000000000011	7.3499999999999996	0.4238000000000000
5.8999999999999995	14.0799999999999983	6.3900000000000006	0.4238000000000000
12.9299999999999997	12.2799999999999994	14.2300000000000004	-0.8476000000000000
13.3000000000000007	11.5500000000000007	13.6500000000000004	0.4238000000000000
13.4499999999999993	12.3300000000000018	15.0800000000000001	0.4238000000000000
8.0899999999999999	0.0400000000000000	5.0199999999999996	-0.8476000000000000
8.4900000000000002	0.9500000000000000	4.9299999999999997	0.4238000000000000
7.0899999999999999	0.1200000000000000	5.0800000000000001	0.4238000000000000
1.9700000000000002	9.7599999999999998	12.6400000000000006	-0.8476000000000000
2.8599999999999999	9.3100000000000005	12.5000000000000000	0.4238000000000000
1.2400000000000000	9.1099999999999994	12.4500000000000011	0.4238000000000000
15.2500000000000000	9.9900000000000002	1.8999999999999999	-0.8476000000000000
14.6199999999999992	9.2300000000000004	2.0300000000000002	0.4238000000000000
15.7300000000000004	10.1699999999999982	2.7600000000000002	0.4238000000000000
11.8700000000000010	17.9200000000000017	16.1600000000000001	-0.8476000000000000
12.1100000000000012	18.5199999999999996	15.4000000000000004	0.4238000000000000
11.9399999999999995	16.9699999999999989	15.8600000000000012	0.4238000000000000
3.1699999999999999	2.5099999999999998	18.0099999999999980	-0.8476000000000000
3.8799999999999999	3.2100000000000000	18.0700000000000003	0.4238000000000000
2.2900000000000000	2.8999999999999999	18.2899999999999991	0.4238000000000000
14.6600000000000001	14.1699999999999999	9.5299999999999994	-0.8476000000000000
14.0700000000000003	14.2300000000000004	10.3299999999999983	0.4238000000000000
14.5100000000000016	13.2899999999999991	9.0700000000000003	0.4238000000000000
16.6700000000000017	17.1400000000000006	5.7199999999999998	-0.8476000000000000
16.2599999999999980	16.9100000000000001	4.8399999999999999	0.4238000000000000
16.4900000000000020	16.3999999999999986	6.3700000000000001	0.4238000000000000
5.9799999999999995	7.2900000000000000	2.7000000000000002	-0.8476000000000000
6.2199999999999998	7.9800000000000004	2.0200000000000000	0.4238000000000000
5.2000000000000002	7.6200000000000001	3.2400000000000002	0.4238000000000000
12.8099999999999987	3.4499999999999997	9.4399999999999995	-0.8476000000000000
11.9500000000000011	2.9499999999999997	9.3100000000000005	0.4238000000000000
13.4299999999999997	2.9099999999999997	10.0000000000000000	0.4238000000000000
15.7600000000000016	16.6199999999999974	3.0699999999999998	-0.8476000000000000
16.6499999999999986	17.0799999999999983	3.1000000000000001	0.4238000000000000
15.5499999999999989	16.3799999999999990	2.1200000000000001	0.4238000000000000
8.0700000000000003	6.0499999999999998	14.6500000000000004	-0.8476000000000000
7.5999999999999996	6.0199999999999996	15.5400000000000009	0.4238000000000000
7.5600000000000005	5.5000000000000000	13.9900000000000002	0.4238000000000000
13.9399999999999995	4.6899999999999995	16.7399999999999984	-0.8476000000000000
13.7400000000000020	5.1200000000000001	17.6200000000000010	0.4238000000000000
14.7199999999999989	4.0699999999999994	16.8399999999999999	0.4238000000000000
9.7300000000000004	8.9000000000000004	15.7200000000000006	-0.8476000000000000
10.1899999999999995	8.0600000000000005	15.4299999999999997	0.4238000000000000
9.1699999999999999	9.2400000000000002	14.9700000000000006	0.4238000000000000
9.9100000000000001	4.0999999999999996	12.4199999999999999	-0.8476000000000000
9.1400000000000006	4.4400000000000004	12.9600000000000009	0.4238000000000000
9.5700000000000003	3.5899999999999999	11.6300000000000008	0.4238000000000000
10.4100000000000001	7.0099999999999998	4.2900000000000000	-0.8476000000000000
10.6699999999999999	6.9699999999999998	5.2500000000000000	0.4238000000000000
9.5599999999999987	6.5000000000000000	4.1499999999999995	0.4238000000000000
0.7600000000000000	8.1100000000000012	7.8900000000000006	-0.8476000000000000
1.7500000000000000	7.9900000000000002	7.9800000000000004	0.4238000000000000
0.5200000000000000	9.0600000000000005	8.1000000000000014	0.4238000000000000
1.3000000000000000	18.2100000000000009	15.7099999999999991	-0.8476000000000000
1.2100000000000000	18.0600000000000023	16.6999999999999993	0.4238000000000000
0.4399999999999999	18.5700000000000003	15.3499999999999996	0.4238000000000000
8.6500000000000004	3.4799999999999995	1.9500000000000002	-0.8476000000000000
9.2500000000000000	4.1099999999999994	1.4600000000000000	0.4238000000000000
8.8399999999999999	2.5400000000000000	1.6600000000000001	0.4238000000000000
17.1900000000000013	5.8499999999999996	18.3099999999999987	-0.8476000000000000
16.9299999999999997	6.7400000000000002	17.9499999999999993	0.4238000000000000
17.1700000000000017	5.1699999999999999	17.5799999999999983	0.4238000000000000
13.6200000000000010	11.4399999999999995	5.4500000000000002	-0.8476000000000000
14.4500000000000011	11.1500000000000004	4.9699999999999998	0.4238000000000000
13.1299999999999990	12.1100000000000012	4.8899999999999997	0.4238000000000000
5.5000000000000000	1.9600000000000000	8.8499999999999996	-0.8476000000000000
5.4500000000000002	1.9100000000000001	9.8499999999999996	0.4238000000000000
5.5200000000000005	2.9199999999999999	8.5600000000000005	0.4238000000000000
10.0800000000000001	14.5599999999999987	4.7699999999999996	-0.8476000000000000
9.6199999999999992	15.2800000000000011	4.2599999999999998	0.4238000000000000
10.0399999999999991	14.7700000000000014	5.7500000000000000	0.4238000000000000
3.5099999999999998	18.0099999999999980	8.5299999999999994	-0.8476000000000000
4.0099999999999998	17.1500000000000021	8.5899999999999999	0.4238000000000000
4.1600000000000001	18.7699999999999996	8.5000000000000000	0.4238000000000000
17.9499999999999993	10.6600000000000001	8.7300000000000004	-0.8476000000000000
17.3200000000000003	10.5099999999999998	7.9700000000000006	0.4238000000000000
17.4299999999999997	10.7699999999999996	9.5800000000000001	0.4238000000000000
12.2700000000000014	15.5000000000000000	15.0600000000000005	-0.8476000000000000
12.3300000000000018	14.7300000000000004	15.7000000000000011	0.4238000000000000
11.7399999999999984	15.2299999999999986	14.2500000000000000	0.4238000000000000
3.2100000000000000	9.4299999999999997	2.4199999999999999	-0.8476000000000000
4.0300000000000002	9.8200000000000003	2.0000000000000000	0.4238000000000000
2.9399999999999999	8.6099999999999994	1.9300000000000002	0.4238000000000000
14.5800000000000001	7.3499999999999996	7.2799999999999994	-0.8476000000000000
14.5300000000000011	6.6900000000000004	8.0300000000000011	0.4238000000000000
15.3800000000000008	7.9400000000000004	7.4100000000000001	0.4238000000000000
4.6100000000000003	12.6600000000000001	17.2699999999999996	-0.8476000000000000
4.0999999999999996	12.6699999999999982	16.4100000000000001	0.4238000000000000
3.9800000000000004	12.4800000000000004	18.0300000000000011	0.4238000000000000
11.1099999999999994	17.7600000000000016	2.3700000000000001	-0.8476000000000000
10.5099999999999998	17.1400000000000006	2.8699999999999997	0.4238000000000000
11.4199999999999982	17.3200000000000003	1.5300000000000000	0.4238000000000000
2.0200000000000000	2.8499999999999996	14.9800000000000004	-0.8476000000000000
1.2300000000000000	3.4499999999999997	14.8500000000000014	0.4238000000000000
1.9199999999999999	2.3599999999999999	15.8399999999999999	0.4238000000000000
16.3200000000000003	13.7699999999999996	0.8100000000000001	-0.8476000000000000
16.0000000000000000	14.7100000000000009	0.7100000000000000	0.4238000000000000
15.5499999999999989	13.1400000000000006	0.6900000000000001	0.4238000000000000
4.6400000000000006	17.4299999999999997	3.2300000000000000	-0.8476000000000000
4.9699999999999998	17.8200000000000003	4.0899999999999999	0.4238000000000000
5.4000000000000004	17.3599999999999994	2.5800000000000001	0.4238000000000000
14.0000000000000000	1.0700000000000001	4.2599999999999998	-0.8476000000000000
13.7599999999999980	0.7000000000000001	3.3600000000000003	0.4238000000000000
14.9900000000000020	1.2300000000000000	4.2999999999999998	0.4238000000000000
2.4900000000000002	17.8499999999999979	12.4100000000000001	-0.8476000000000000
3.0600000000000001	17.1999999999999993	12.9100000000000001	0.4238000000000000
2.3300000000000001	17.5199999999999996	11.4799999999999986	0.4238000000000000
9.3999999999999986	16.9800000000000004	9.0400000000000009	-0.8476000000000000
10.1999999999999993	16.4199999999999982	9.2500000000000000	0.4238000000000000
8.9100000000000001	16.5799999999999983	8.2699999999999996	0.4238000000000000
3.8200000000000003	7.0000000000000000	4.7999999999999998	-0.8476000000000000
4.2699999999999996	6.1099999999999994	4.7699999999999996	0.4238000000000000
2.8799999999999999	6.8899999999999997	5.1299999999999999	0.4238000000000000
15.4699999999999989	2.2200000000000002	17.2899999999999991	-0.8476000000000000
15.4199999999999999	2.5899999999999999	18.2199999999999989	0.4238000000000000
14.7500000000000000	1.5300000000000000	17.1700000000000017	0.4238000000000000
6.1399999999999997	1.2200000000000000	1.1700000000000002	-0.8476000000000000
7.1099999999999994	1.0000000000000000	1.2400000000000000	0.4238000000000000
5.8300000000000001	1.0500000000000000	0.2400000000000000	0.4238000000000000
7.8100000000000005	2.6400000000000001	17.4900000000000020	-0.8476000000000000
8.4800000000000004	2.0300000000000002	17.9200000000000017	0.4238000000000000
7.0800000000000001	2.8299999999999996	18.1400000000000006	0.4238000000000000
8.8800000000000008	15.1400000000000006	11.9500000000000011	-0.8476000000000000
8.6500000000000004	14.8900000000000006	11.0099999999999998	0.4238000000000000
9.4900000000000002	14.4500000000000011	12.3399999999999999	0.4238000000000000
13.5099999999999998	5.8999999999999995	14.3300000000000001	-0.8476000000000000
13.7899999999999991	5.4700000000000006	15.1899999999999995	0.4238000000000000
13.7599999999999980	6.8700000000000010	14.3399999999999999	0.4238000000000000
8.0300000000000011	14.0199999999999996	9.2400000000000002	-0.8476000000000000
8.9299999999999997	14.1600000000000001	8.8200000000000003	0.4238000000000000
7.3200000000000003	14.0399999999999991	8.5299999999999994	0.4238000000000000
9.2200000000000006	5.0300000000000002	8.9900000000000002	-0.8476000000000000
8.9700000000000006	4.9299999999999997	8.0300000000000011	0.4238000000000000
9.6999999999999993	4.2100000000000000	9.2900000000000009	0.4238000000000000
5.3900000000000006	0.6400000000000000	5.1200000000000001	-0.8476000000000000
4.5800000000000001	0.6500000000000000	5.6999999999999993	0.4238000000000000
5.4199999999999999	1.4700000000000000	4.5700000000000003	0.4238000000000000
14.3399999999999999	11.8799999999999990	0.4100000000000000	-0.8476000000000000
14.6600000000000001	11.1200000000000010	0.9800000000000000	0.4238000000000000
13.4200000000000017	12.1500000000000004	0.7100000000000000	0.4238000000000000
2.9699999999999998	0.3500000000000000	1.7100000000000002	-0.8476000000000000
3.4600000000000000	1.1899999999999999	1.5000000000000000	0.4238000000000000
3.5899999999999999	-0.3000000000000000	2.1600000000000001	0.4238000000000000
9.3500000000000014	2.3599999999999999	4.7999999999999998	-0.8476000000000000
8.8700000000000010	2.7700000000000005	4.0200000000000005	0.4238000000000000
10.3299999999999983	2.3400000000000003	4.6100000000000003	0.4238000000000000
10.7600000000000016	6.8300000000000001	14.6400000000000006	-0.8476000000000000
9.9600000000000009	6.2199999999999998	14.6700000000000017	0.4238000000000000
11.5700000000000003	6.2999999999999998	14.3999999999999986	0.4238000000000000
12.2700000000000014	15.7000000000000011	7.9300000000000006	-0.8476000000000000
12.4800000000000004	16.4399999999999977	7.2799999999999994	0.4238000000000000
12.9499999999999993	15.7000000000000011	8.6600000000000001	0.4238000000000000
4.5899999999999999	11.5199999999999996	7.4100000000000001	-0.8476000000000000
3.8799999999999999	11.2500000000000000	8.0600000000000005	0.4238000000000000
4.3300000000000001	11.2400000000000020	6.4900000000000002	0.4238000000000000
12.7099999999999991	17.9699999999999989	5.9100000000000001	-0.8476000000000000
13.1499999999999986	18.6099999999999994	5.2700000000000005	0.4238000000000000
12.2100000000000009	18.4899999999999984	6.6100000000000003	0.4238000000000000
10.3200000000000003	5.4900000000000002	0.1600000000000000	-0.8476000000000000
9.9100000000000001	6.3100000000000005	-0.2300000000000000	0.4238000000000000
10.9600000000000009	5.7500000000000000	0.8899999999999999	0.4238000000000000
0.7800000000000000	5.5600000000000005	13.8599999999999994	-0.8476000000000000
1.6900000000000002	5.5500000000000007	13.4499999999999993	0.4238000000000000
0.7200000000000000	6.2999999999999998	14.5300000000000011	0.4238000000000000
5.6100000000000003	2.2200000000000002	11.4700000000000006	-0.8476000000000000
5.9900000000000002	1.3700000000000001	11.8399999999999999	0.4238000000000000
4.7299999999999995	2.4100000000000001	11.9100000000000001	0.4238000000000000
8.6600000000000001	4.5400000000000000	6.4199999999999999	-0.8476000000000000
8.3399999999999999	5.2599999999999998	5.7999999999999998	0.4238000000000000
8.9000000000000004	3.7300000000000000	5.8899999999999997	0.4238000000000000
10.1699999999999982	0.3900000000000000	7.5300000000000002	-0.8476000000000000
9.4499999999999993	0.4399999999999999	6.8400000000000007	0.4238000000000000
9.9299999999999997	-0.3000000000000000	8.2199999999999989	0.4238000000000000
14.2900000000000009	11.7300000000000004	8.6699999999999999	-0.8476000000000000
13.7400000000000020	10.9000000000000004	8.6099999999999994	0.4238000000000000
14.5500000000000007	12.0300000000000011	7.7500000000000000	0.4238000000000000
14.6600000000000001	5.8999999999999995	9.9199999999999999	-0.8476000000000000
14.3599999999999994	4.9500000000000002	9.9900000000000002	0.4238000000000000
15.3899999999999988	6.0599999999999996	10.5800000000000001	0.4238000000000000
18.5700000000000003	8.3300000000000001	3.7700000000000000	-0.8476000000000000
18.9900000000000020	7.6900000000000004	4.4100000000000001	0.4238000000000000
18.1899999999999977	7.8200000000000003	2.9899999999999998	0.4238000000000000
4.8799999999999999	13.8499999999999996	1.7399999999999998	-0.8476000000000000
4.0099999999999998	13.7000000000000011	2.2100000000000000	0.4238000000000000
4.7100000000000000	14.1099999999999994	0.7900000000000000	0.4238000000000000
16.6400000000000006	12.8000000000000007	6.5700000000000003	-0.8476000000000000
17.6299999999999990	12.8800000000000008	6.7100000000000009	0.4238000000000000
16.1900000000000013	13.6400000000000006	6.8799999999999990	0.4238000000000000
13.8999999999999986	5.7500000000000000	0.7800000000000000	-0.8476000000000000
13.3600000000000012	5.5400000000000009	1.5900000000000001	0.4238000000000000
14.8100000000000005	5.3399999999999999	0.8699999999999999	0.4238000000000000
5.2700000000000005	2.5600000000000001	3.2800000000000002	-0.8476000000000000
5.5400000000000009	1.9600000000000000	2.5200000000000000	0.4238000000000000
5.2700000000000005	3.5099999999999998	2.9699999999999998	0.4238000000000000
17.5399999999999991	12.2300000000000004	15.8800000000000008	-0.8476000000000000
18.4499999999999993	11.8399999999999999	15.7500000000000000	0.4238000000000000
17.6200000000000010	13.2000000000000011	16.1200000000000010	0.4238000000000000
10.6400000000000006	13.4699999999999989	13.4000000000000004	-0.8476000000000000
9.8399999999999999	13.2400000000000002	13.9499999999999993	0.4238000000000000
11.4700000000000006	13.2099999999999991	13.8900000000000006	0.4238000000000000
15.9200000000000017	16.2899999999999991	16.2500000000000000	-0.8476000000000000
16.1900000000000013	16.6299999999999990	15.3499999999999996	0.4238000000000000
16.7199999999999989	15.9100000000000001	16.7199999999999989	0.4238000000000000
11.1099999999999994	11.9500000000000011	11.0000000000000000	-0.8476000000000000
10.7099999999999991	12.3900000000000006	11.7999999999999989	0.4238000000000000
10.7000000000000011	12.3200000000000003	10.1699999999999982	0.4238000000000000
16.3799999999999990	10.9900000000000002	10.7899999999999991	-0.8476000000000000
16.4299999999999997	11.7999999999999989	11.3799999999999990	0.4238000000000000
15.5199999999999996	11.0099999999999998	10.2800000000000011	0.4238000000000000
9.1500000000000004	0.8899999999999999	14.0199999999999996	-0.8476000000000000
9.3999999999999986	0.6900000000000001	13.0700000000000003	0.4238000000000000
9.8699999999999992	1.4500000000000000	14.4399999999999995	0.4238000000000000
9.8000000000000007	11.1600000000000001	17.1900000000000013	-0.8476000000000000
8.8100000000000005	11.2200000000000006	17.2899999999999991	0.4238000000000000
10.0299999999999994	10.3599999999999994	16.6299999999999990	0.4238000000000000
7.0499999999999998	10.5000000000000000	3.6799999999999997	-0.8476000000000000
6.9099999999999993	10.5700000000000003	4.6699999999999999	0.4238000000000000
7.8900000000000006	9.9900000000000002	3.5000000000000000	0.4238000000000000
4.0999999999999996	8.1299999999999990	12.5099999999999980	-0.8476000000000000
4.9600000000000000	8.2500000000000000	13.0099999999999998	0.4238000000000000
3.6799999999999997	7.2599999999999998	12.7800000000000011	0.4238000000000000
12.7400000000000002	3.8600000000000003	12.6200000000000010	-0.8476000000000000
12.9499999999999993	4.6000000000000005	13.2600000000000016	0.4238000000000000
11.8500000000000014	4.0300000000000002	12.1900000000000013	0.4238000000000000
0.6400000000000000	15.6400000000000006	13.3099999999999987	-0.8476000000000000
0.1800000000000000	16.4600000000000009	12.9699999999999989	0.4238000000000000
1.6200000000000001	15.8300000000000001	13.4000000000000004	0.4238000000000000
3.6699999999999999	11.0000000000000000	5.0099999999999998	-0.8476000000000000
3.5999999999999996	11.8300000000000001	4.4500000000000002	0.4238000000000000
3.7100000000000000	10.1999999999999993	4.4100000000000001	0.4238000000000000
5.6599999999999993	5.3700000000000001	8.6500000000000004	-0.8476000000000000
5.7799999999999994	6.0299999999999994	7.9100000000000001	0.4238000000000000
6.1200000000000001	5.7099999999999991	9.4699999999999989	0.4238000000000000
12.5199999999999996	13.4800000000000004	3.8799999999999999	-0.8476000000000000
13.0199999999999996	14.2500000000000000	4.2800000000000002	0.4238000000000000
11.5700000000000003	13.5000000000000000	4.2000000000000002	0.4238000000000000
12.7200000000000006	14.4500000000000011	11.4199999999999982	-0.8476000000000000
13.1899999999999995	14.5800000000000001	12.2900000000000009	0.4238000000000000
12.0599999999999987	13.7100000000000009	11.5099999999999998	0.4238000000000000
15.8200000000000003	6.3900000000000006	4.7199999999999998	-0.8476000000000000
15.5099999999999998	7.0000000000000000	5.4500000000000002	0.4238000000000000
16.3200000000000003	6.9099999999999993	4.0300000000000002	0.4238000000000000
3.5400000000000000	15.0999999999999996	13.2899999999999991	-0.8476000000000000
3.3300000000000001	14.6600000000000001	12.4199999999999999	0.4238000000000000
4.5099999999999998	15.3599999999999994	13.3200000000000003	0.4238000000000000
4.0200000000000005	7.5099999999999998	15.9800000000000004	-0.8476000000000000
4.7100000000000000	8.0600000000000005	15.5099999999999998	0.4238000000000000
4.4199999999999999	6.6300000000000008	16.2500000000000000	0.4238000000000000
15.8699999999999992	7.7900000000000000	16.6999999999999993	-0.8476000000000000
14.9500000000000011	8.1699999999999999	16.6499999999999986	0.4238000000000000
16.4699999999999989	8.2599999999999998	16.0500000000000007	0.4238000000000000
10.1299999999999990	1.0500000000000000	17.6999999999999993	-0.8476000000000000
10.1899999999999995	1.8999999999999999	17.1799999999999997	0.4238000000000000
10.4499999999999993	0.2900000000000000	17.1300000000000026	0.4238000000000000
5.0400000000000000	0.5000000000000000	17.3999999999999986	-0.8476000000000000
4.6200000000000001	-0.0700000000000000	16.6999999999999993	0.4238000000000000
4.3799999999999999	1.1799999999999999	17.7199999999999989	0.4238000000000000
5.7299999999999995	8.6999999999999993	10.2899999999999991	-0.8476000000000000
6.1699999999999999	9.5899999999999999	10.2099999999999991	0.4238000000000000
5.0999999999999996	8.7100000000000009	11.0700000000000003	0.4238000000000000
13.6000000000000014	8.6199999999999992	10.4499999999999993	-0.8476000000000000
12.8499999999999996	8.6199999999999992	9.7899999999999991	0.4238000000000000
13.9700000000000006	7.7000000000000002	10.5400000000000009	0.4238000000000000
12.0899999999999999	5.2500000000000000	2.7500000000000000	-0.8476000000000000
12.2199999999999989	4.4199999999999999	3.2900000000000000	0.4238000000000000
11.7999999999999989	5.9900000000000002	3.3500000000000001	0.4238000000000000
3.0699999999999998	2.1299999999999999	12.3100000000000005	-0.8476000000000000
2.8399999999999999	2.5000000000000000	13.2099999999999991	0.4238000000000000
2.7700000000000005	1.1799999999999999	12.2500000000000000	0.4238000000000000
0.3700000000000000	13.1000000000000014	12.8200000000000003	-0.8476000000000000
0.8999999999999999	12.6099999999999994	13.5099999999999998	0.4238000000000000
0.5900000000000000	14.0799999999999983	12.8699999999999992	0.4238000000000000
7.3200000000000003	6.3399999999999999	10.6400000000000006	-0.8476000000000000
7.9100000000000001	6.0800000000000001	9.8799999999999990	0.4238000000000000
7.0399999999999991	7.2900000000000000	10.5299999999999994	0.4238000000000000
17.2800000000000011	9.3500000000000014	18.5399999999999991	-0.8476000000000000
16.8200000000000003	9.2800000000000011	17.6499999999999986	0.4238000000000000
16.6700000000000017	9.7899999999999991	19.1999999999999993	0.4238000000000000
3.0699999999999998	0.6300000000000000	6.1799999999999997	-0.8476000000000000
2.9600000000000000	1.5700000000000001	6.5099999999999998	0.4238000000000000
3.0200000000000000	-0.0000000000000000	6.9499999999999993	0.4238000000000000
16.2200000000000024	3.6699999999999999	3.7400000000000002	-0.8476000000000000
16.2400000000000020	2.9099999999999997	4.3899999999999997	0.4238000000000000
15.7400000000000002	4.4400000000000004	4.1499999999999995	0.4238000000000000
10.2299999999999986	7.6600000000000001	9.6600000000000001	-0.8476000000000000
10.3800000000000008	7.8700000000000001	10.6299999999999990	0.4238000000000000
9.9299999999999997	6.7100000000000009	9.5700000000000003	0.4238000000000000
9.8000000000000007	15.7300000000000004	17.0000000000000000	-0.8476000000000000
9.5999999999999996	16.1700000000000017	16.1200000000000010	0.4238000000000000
10.1899999999999995	14.8200000000000003	16.8399999999999999	0.4238000000000000
-0.0300000000000000	15.1799999999999997	16.0500000000000007	-0.8476000000000000
0.1100000000000000	15.4499999999999993	15.0999999999999996	0.4238000000000000
0.7900000000000000	15.4000000000000004	16.5799999999999983	0.4238000000000000
3.5000000000000000	8.9800000000000004	18.0399999999999991	-0.8476000000000000
4.2599999999999998	9.4199999999999999	18.5199999999999996	0.4238000000000000
3.8500000000000001	8.5099999999999998	17.2300000000000004	0.4238000000000000
15.4000000000000004	2.7400000000000002	1.2500000000000000	-0.8476000000000000
14.7900000000000009	1.9900000000000002	1.4800000000000000	0.4238000000000000
15.6200000000000010	3.2600000000000002	2.0800000000000001	0.4238000000000000
13.0299999999999994	8.3799999999999990	0.4200000000000000	-0.8476000000000000
13.3699999999999992	7.4500000000000002	0.5700000000000001	0.4238000000000000
13.2099999999999991	8.6500000000000004	-0.5300000000000000	0.4238000000000000
10.6799999999999997	13.3300000000000001	8.4900000000000002	-0.8476000000000000
10.7500000000000000	12.5000000000000000	7.9400000000000004	0.4238000000000000
11.2999999999999989	14.0199999999999996	8.1299999999999990	0.4238000000000000
3.1899999999999999	8.1000000000000014	9.4900000000000002	-0.8476000000000000
4.1200000000000001	8.4599999999999991	9.5399999999999991	0.4238000000000000
3.1299999999999999	7.2500000000000000	10.0099999999999980	0.4238000000000000
3.3900000000000001	5.0899999999999999	10.0600000000000005	-0.8476000000000000
2.8699999999999997	4.2599999999999998	9.8900000000000006	0.4238000000000000
4.1600000000000001	5.1400000000000006	9.4199999999999999	0.4238000000000000
5.1100000000000003	4.1499999999999995	18.0800000000000018	-0.8476000000000000
4.9299999999999997	4.6000000000000005	18.9600000000000009	0.4238000000000000
5.5300000000000002	4.7999999999999998	17.4500000000000028	0.4238000000000000
11.3799999999999990	3.7999999999999998	16.7800000000000011	-0.8476000000000000
10.9299999999999997	4.4299999999999997	17.4200000000000017	0.4238000000000000
12.3200000000000003	4.1099999999999994	16.6099999999999994	0.4238000000000000
11.5999999999999996	2.0699999999999998	14.7700000000000014	-0.8476000000000000
11.5999999999999996	2.7100000000000000	15.5400000000000009	0.4238000000000000
11.8799999999999990	2.5499999999999998	13.9399999999999995	0.4238000000000000
18.7000000000000028	13.2600000000000016	2.0000000000000000	-0.8476000000000000
17.7699999999999996	13.4699999999999989	1.6900000000000002	0.4238000000000000
18.7999999999999972	12.2700000000000014	2.1299999999999999	0.4238000000000000
0.8799999999999999	18.0099999999999980	9.2699999999999996	-0.8476000000000000
0.4600000000000000	17.1500000000000021	9.0000000000000000	0.4238000000000000
1.8199999999999998	18.0399999999999991	8.9299999999999997	0.4238000000000000
5.0400000000000000	15.6799999999999997	9.0999999999999996	-0.8476000000000000
5.6999999999999993	16.4199999999999982	9.1900000000000013	0.4238000000000000
5.4800000000000004	14.8900000000000006	8.6799999999999997	0.4238000000000000
10.0199999999999996	7.9600000000000009	12.3799999999999990	-0.8476000000000000
10.4299999999999997	7.6400000000000006	13.2400000000000002	0.4238000000000000
9.0600000000000005	7.6900000000000004	12.3500000000000014	0.4238000000000000
0.4000000000000000	5.4400000000000004	11.1400000000000006	-0.8476000000000000
1.2500000000000000	5.1100000000000003	10.7300000000000004	0.4238000000000000
0.5300000000000000	5.5900000000000007	12.1199999999999992	0.4238000000000000
1.8900000000000001	5.2000000000000002	17.2199999999999989	-0.8476000000000000
2.4800000000000000	4.7999999999999998	16.5199999999999996	0.4238000000000000
1.3100000000000001	5.9100000000000001	16.8100000000000023	0.4238000000000000
13.6899999999999995	9.5000000000000000	16.5999999999999979	-0.8476000000000000
14.0799999999999983	10.4000000000000004	16.8000000000000007	0.4238000000000000
13.7899999999999991	9.3000000000000007	15.6299999999999990	0.4238000000000000
8.1499999999999986	5.7199999999999998	3.2500000000000000	-0.8476000000000000
8.2199999999999989	4.8300000000000001	2.7900000000000000	0.4238000000000000
7.2100000000000000	6.0599999999999996	3.1699999999999999	0.4238000000000000
16.5700000000000003	6.0400000000000000	12.0599999999999987	-0.8476000000000000
16.1900000000000013	5.3500000000000005	12.6799999999999997	0.4238000000000000
17.3900000000000006	5.6799999999999997	11.6199999999999992	0.4238000000000000
2.5200000000000000	15.6400000000000006	17.4400000000000013	-0.8476000000000000
2.2200000000000002	16.2100000000000009	18.1999999999999993	0.4238000000000000
2.4500000000000002	14.6799999999999997	17.6999999999999993	0.4238000000000000
6.7100000000000009	4.6400000000000006	12.6899999999999995	-0.8476000000000000
6.3700000000000001	3.7500000000000000	12.3900000000000006	0.4238000000000000
6.9699999999999998	5.1799999999999997	11.8900000000000006	0.4238000000000000
9.3000000000000007	16.7800000000000011	14.6500000000000004	-0.8476000000000000
9.0600000000000005	16.5999999999999979	13.7000000000000011	0.4238000000000000
9.5999999999999996	17.7300000000000004	14.7500000000000000	0.4238000000000000
4.7299999999999995	5.0000000000000000	1.9100000000000001	-0.8476000000000000
5.3399999999999999	5.7899999999999991	1.9500000000000002	0.4238000000000000
3.7800000000000002	5.3100000000000005	1.9800000000000000	0.4238000000000000
1.5900000000000001	11.3700000000000010	14.6600000000000001	-0.8476000000000000
1.8100000000000001	10.7600000000000016	15.4199999999999999	0.4238000000000000
1.6900000000000002	10.8800000000000008	13.7999999999999989	0.4238000000000000
13.4699999999999989	10.5899999999999999	12.3399999999999999	-0.8476000000000000
13.7100000000000009	9.9600000000000009	11.5999999999999996	0.4238000000000000
12.5699999999999985	10.9900000000000002	12.1600000000000001	0.4238000000000000
13.0199999999999996	8.5500000000000007	3.0899999999999999	-0.8476000000000000
12.1700000000000017	8.2400000000000002	3.5099999999999998	0.4238000000000000
12.9800000000000004	8.4100000000000001	2.1000000000000001	0.4238000000000000
17.5899999999999999	17.4700000000000024	11.5399999999999991	-0.8476000000000000
18.1999999999999993	17.7699999999999996	10.8099999999999987	0.4238000000000000
17.2100000000000009	16.5700000000000003	11.3199999999999985	0.4238000000000000
12.5199999999999996	17.3100000000000023	11.2799999999999994	-0.8476000000000000
13.3600000000000012	17.3599999999999994	10.7400000000000002	0.4238000000000000
12.2900000000000009	16.3500000000000014	11.4599999999999991	0.4238000000000000
0.8300000000000001	12.5800000000000001	10.2200000000000006	-0.8476000000000000
0.7800000000000000	12.5699999999999985	11.2200000000000006	0.4238000000000000
0.0000000000000000	12.1700000000000017	9.8399999999999999	0.4238000000000000
6.8799999999999990	16.6199999999999974	17.1600000000000001	-0.8476000000000000
6.3100000000000005	17.4400000000000013	17.2500000000000000	0.4238000000000000
7.4000000000000004	16.6600000000000001	16.2999999999999972	0.4238000000000000
9.0300000000000011	0.8599999999999999	1.3300000000000001	-0.8476000000000000
9.5399999999999991	0.8699999999999999	0.4700000000000000	0.4238000000000000
9.5899999999999999	0.4399999999999999	2.0400000000000000	0.4238000000000000
17.2599999999999980	1.3500000000000001	5.2300000000000004	-0.8476000000000000
17.9899999999999984	1.1799999999999999	4.5600000000000005	0.4238000000000000
16.9499999999999993	0.4800000000000000	5.6100000000000003	0.4238000000000000
13.8799999999999990	15.7300000000000004	4.7699999999999996	-0.8476000000000000
14.5500000000000007	15.8499999999999996	4.0300000000000002	0.4238000000000000
13.4800000000000004	16.6199999999999974	5.0000000000000000	0.4238000000000000
1.3000000000000000	17.9400000000000013	-0.1100000000000000	-0.8476000000000000
0.8899999999999999	17.1999999999999993	0.4200000000000000	0.4238000000000000
1.9399999999999999	18.4499999999999993	0.4700000000000000	0.4238000000000000
12.8000000000000007	9.2699999999999996	6.7200000000000006	-0.8476000000000000
13.3900000000000006	8.4699999999999989	6.7400000000000002	0.4238000000000000
13.2000000000000011	9.9600000000000009	6.1200000000000001	0.4238000000000000
8.2999999999999989	12.7299999999999986	14.2199999999999989	-0.8476000000000000
8.2500000000000000	13.0600000000000005	15.1600000000000001	0.4238000000000000
7.4399999999999995	12.9199999999999999	13.7599999999999980	0.4238000000000000
6.7200000000000006	16.1600000000000001	1.5400000000000000	-0.8476000000000000
6.8100000000000005	16.2599999999999980	0.5500000000000000	0.4238000000000000
6.3200000000000003	15.2699999999999996	1.7500000000000000	0.4238000000000000
16.5000000000000000	17.1999999999999993	13.9399999999999995	-0.8476000000000000
17.0300000000000011	17.3000000000000007	13.1000000000000014	0.4238000000000000
16.2300000000000004	18.1000000000000014	14.2799999999999994	0.4238000000000000
18.4100000000000001	1.7500000000000000	9.6299999999999990	-0.8476000000000000
18.7999999999999972	0.8999999999999999	9.2699999999999996	0.4238000000000000
17.4299999999999997	1.7700000000000000	9.4399999999999995	0.4238000000000000
2.6299999999999999	3.2600000000000002	7.1999999999999993	-0.8476000000000000
1.8399999999999999	3.7700000000000000	6.8600000000000003	0.4238000000000000
2.5400000000000000	3.1099999999999999	8.1799999999999997	0.4238000000000000
11.9399999999999995	16.1200000000000010	0.3100000000000000	-0.8476000000000000
12.0000000000000000	15.1899999999999995	0.6800000000000000	0.4238000000000000
11.3499999999999996	16.1200000000000010	-0.4900000000000000	0.4238000000000000
8.2199999999999989	10.0199999999999996	13.7200000000000006	-0.8476000000000000
8.6199999999999992	10.0099999999999980	12.8000000000000007	0.4238000000000000
8.3200000000000003	10.9299999999999997	14.1199999999999992	0.4238000000000000
9.1600000000000001	9.0999999999999996	2.9099999999999997	-0.8476000000000000
9.7899999999999991	9.4800000000000004	2.2300000000000000	0.4238000000000000
9.5599999999999987	8.2699999999999996	3.3000000000000003	0.4238000000000000
15.0399999999999991	16.0700000000000003	0.4399999999999999	-0.8476000000000000
14.1199999999999992	16.4399999999999977	0.5100000000000000	0.4238000000000000
15.4199999999999999	16.2699999999999996	-0.4600000000000000	0.4238000000000000
3.7199999999999998	12.8800000000000008	14.9000000000000004	-0.8476000000000000
3.5899999999999999	13.8100000000000005	14.5599999999999987	0.4238000000000000
2.8799999999999999	12.3599999999999994	14.7700000000000014	0.4238000000000000
16.1400000000000006	12.9199999999999999	12.8899999999999988	-0.8476000000000000
16.7399999999999984	12.9499999999999993	13.6899999999999995	0.4238000000000000
15.3899999999999988	13.5600000000000005	13.0199999999999996	0.4238000000000000
10.3899999999999988	10.9800000000000004	6.9599999999999991	-0.8476000000000000
9.6899999999999995	10.5099999999999998	7.5000000000000000	0.4238000000000000
10.9800000000000004	10.3000000000000007	6.5300000000000002	0.4238000000000000
10.1400000000000006	2.3599999999999999	9.7099999999999991	-0.8476000000000000
10.0600000000000005	2.0000000000000000	8.7799999999999994	0.4238000000000000
10.1200000000000010	1.6000000000000001	10.3599999999999994	0.4238000000000000
5.8999999999999995	14.8700000000000010	4.9100000000000001	-0.8476000000000000
6.3200000000000003	14.2900000000000009	4.2100000000000000	0.4238000000000000
5.4600000000000009	15.6600000000000001	4.4699999999999998	0.4238000000000000
17.0899999999999999	3.8500000000000001	13.8100000000000005	-0.8476000000000000
17.8200000000000003	4.5400000000000000	13.8499999999999996	0.4238000000000000
17.3700000000000010	3.1000000000000001	13.2200000000000006	0.4238000000000000
2.5499999999999998	13.4800000000000004	2.8999999999999999	-0.8476000000000000
1.5900000000000001	13.4900000000000002	2.6299999999999999	0.4238000000000000
2.6699999999999999	14.0099999999999998	3.7400000000000002	0.4238000000000000
1.0500000000000000	10.1299999999999990	17.2599999999999980	-0.8476000000000000
0.2800000000000000	9.8000000000000007	17.8000000000000007	0.4238000000000000
1.9100000000000001	9.8300000000000001	17.6799999999999997	0.4238000000000000
6.7200000000000006	2.0300000000000002	14.8900000000000006	-0.8476000000000000
7.6200000000000001	1.8700000000000001	14.4900000000000002	0.4238000000000000
6.8000000000000007	2.0800000000000001	15.8900000000000006	0.4238000000000000
0.7500000000000000	3.4499999999999997	0.3300000000000000	-0.8476000000000000
-0.1700000000000000	3.1699999999999999	0.0400000000000000	0.4238000000000000
1.0600000000000001	4.2199999999999998	-0.2300000000000000	0.4238000000000000
14.3999999999999986	8.5600000000000005	13.9799999999999986	-0.8476000000000000
13.8300000000000001	9.0800000000000001	13.3499999999999996	0.4238000000000000
15.3599999999999994	8.6799999999999997	13.7400000000000020	0.4238000000000000
0.7200000000000000	1.6600000000000001	3.1800000000000002	-0.8476000000000000
0.5500000000000000	2.4900000000000002	2.6400000000000001	0.4238000000000000
1.6200000000000001	1.2900000000000000	2.9600000000000000	0.4238000000000000
11.8300000000000001	13.3499999999999996	1.1899999999999999	-0.8476000000000000
10.8399999999999999	13.2400000000000002	1.2100000000000000	0.4238000000000000
12.1700000000000017	13.5000000000000000	2.1200000000000001	0.4238000000000000
6.1299999999999999	8.4199999999999999	14.3100000000000005	-0.8476000000000000
6.6900000000000004	9.2300000000000004	14.1399999999999988	0.4238000000000000
6.7200000000000006	7.6100000000000003	14.3399999999999999	0.4238000000000000
14.9300000000000015	17.6699999999999982	9.5899999999999999	-0.8476000000000000
15.2599999999999998	18.3099999999999987	8.9000000000000004	0.4238000000000000
15.5899999999999999	17.6099999999999994	10.3399999999999999	0.4238000000000000
7.1600000000000001	5.6499999999999995	17.0799999999999983	-0.8476000000000000
7.3499999999999996	6.2999999999999998	17.8200000000000003	0.4238000000000000
7.7599999999999998	4.8499999999999996	17.1700000000000017	0.4238000000000000
14.5000000000000000	12.1999999999999993	16.3299999999999983	-0.8476000000000000
14.4100000000000001	12.0999999999999996	17.3200000000000003	0.4238000000000000
15.4600000000000009	12.1300000000000008	16.0700000000000003	0.4238000000000000
3.9000000000000004	17.4100000000000001	15.6000000000000014	-0.8476000000000000
2.9899999999999998	17.8200000000000003	15.5800000000000001	0.4238000000000000
3.8300000000000001	16.4699999999999989	15.9200000000000017	0.4238000000000000
16.7399999999999984	8.8300000000000001	12.5399999999999991	-0.8476000000000000
16.4699999999999989	7.9400000000000004	12.1700000000000017	0.4238000000000000
16.7500000000000000	9.5099999999999998	11.8100000000000005	0.4238000000000000
12.2500000000000000	3.2500000000000000	4.4900000000000002	-0.8476000000000000
12.9100000000000001	2.5000000000000000	4.3799999999999999	0.4238000000000000
12.4500000000000011	3.7500000000000000	5.3300000000000001	0.4238000000000000
5.9399999999999995	7.4500000000000002	6.5200000000000005	-0.8476000000000000
6.4400000000000004	8.2999999999999989	6.3300000000000001	0.4238000000000000
5.0600000000000005	7.4699999999999998	6.0400000000000000	0.4238000000000000
17.7699999999999996	3.4200000000000004	16.4199999999999982	-0.8476000000000000
17.6000000000000014	3.7300000000000000	15.4800000000000004	0.4238000000000000
16.9299999999999997	3.0499999999999998	16.8000000000000007	0.4238000000000000
17.3000000000000007	9.3399999999999999	15.1699999999999982	-0.8476000000000000
17.6799999999999997	10.2500000000000000	15.3200000000000003	0.4238000000000000
17.2199999999999989	9.1699999999999999	14.1900000000000013	0.4238000000000000
8.5899999999999999	13.7400000000000020	0.1600000000000000	-0.8476000000000000
8.1299999999999990	13.8900000000000006	1.0400000000000000	0.4238000000000000
9.0300000000000011	14.5899999999999999	-0.1400000000000000	0.4238000000000000
6.6100000000000003	17.8999999999999986	9.5299999999999994	-0.8476000000000000
6.1500000000000004	18.7799999999999976	9.3999999999999986	0.4238000000000000
7.5999999999999996	18.0199999999999996	9.4599999999999991	0.4238000000000000
14.0799999999999983	18.5099999999999980	17.1999999999999993	-0.8476000000000000
13.1200000000000010	18.4000000000000021	16.9299999999999997	0.4238000000000000
14.6400000000000006	17.8399999999999999	16.7199999999999989	0.4238000000000000
8.5899999999999999	9.5599999999999987	8.6099999999999994	-0.8476000000000000
9.1300000000000008	8.8700000000000010	9.0899999999999999	0.4238000000000000
8.2699999999999996	10.2500000000000000	9.2599999999999998	0.4238000000000000
10.8300000000000001	9.8399999999999999	0.8699999999999999	-0.8476000000000000
10.6000000000000014	10.3699999999999992	0.0500000000000000	0.4238000000000000
11.6399999999999988	9.2800000000000011	0.6800000000000000	0.4238000000000000
18.6099999999999994	15.6899999999999995	8.5099999999999998	-0.8476000000000000
17.8999999999999986	15.5700000000000003	7.8100000000000005	0.4238000000000000
18.6200000000000010	14.8900000000000006	9.1099999999999994	0.4238000000000000
2.2100000000000000	13.1400000000000006	-0.1800000000000000	-0.8476000000000000
1.5600000000000001	12.4100000000000001	-0.3900000000000000	0.4238000000000000
2.2500000000000000	13.2800000000000011	0.8100000000000001	0.4238000000000000
0.7900000000000000	12.4000000000000004	6.5300000000000002	-0.8476000000000000
0.7800000000000000	11.9299999999999997	7.4100000000000001	0.4238000000000000
1.6000000000000001	12.1199999999999992	6.0199999999999996	0.4238000000000000
6.7200000000000006	13.9100000000000001	16.2400000000000020	-0.8476000000000000
5.9399999999999995	13.4100000000000001	16.6199999999999974	0.4238000000000000
6.6900000000000004	14.8599999999999994	16.5500000000000007	0.4238000000000000
18.2400000000000020	1.9199999999999999	12.2700000000000014	-0.8476000000000000
18.1999999999999993	1.0200000000000000	12.7099999999999991	0.4238000000000000
18.2699999999999996	1.8100000000000001	11.2799999999999994	0.4238000000000000
4.2800000000000002	4.2400000000000002	5.2000000000000002	-0.8476000000000000
4.5800000000000001	3.5099999999999998	4.5800000000000001	0.4238000000000000
3.8900000000000001	3.8399999999999999	6.0299999999999994	0.4238000000000000
17.0500000000000007	14.8700000000000010	11.0400000000000009	-0.8476000000000000
16.1200000000000010	14.6199999999999992	10.7699999999999996	0.4238000000000000
17.3100000000000023	14.3700000000000010	11.8599999999999994	0.4238000000000000
3.1699999999999999	5.4700000000000006	12.8000000000000007	-0.8476000000000000
3.5499999999999998	4.8799999999999999	13.5200000000000014	0.4238000000000000
3.5699999999999998	5.2100000000000000	11.9199999999999999	0.4238000000000000
8.1200000000000010	15.8600000000000012	6.8700000000000010	-0.8476000000000000
8.4399999999999995	15.9600000000000009	5.9299999999999997	0.4238000000000000
7.3300000000000001	15.2400000000000002	6.8899999999999997	0.4238000000000000
14.2399999999999984	2.1400000000000001	11.1200000000000010	-0.8476000000000000
14.7599999999999998	1.4900000000000000	11.6699999999999999	0.4238000000000000
13.7500000000000000	2.7700000000000005	11.7300000000000004	0.4238000000000000
10.0099999999999980	18.9600000000000009	11.5399999999999991	-0.8476000000000000
9.3799999999999990	18.2500000000000000	11.2300000000000004	0.4238000000000000
10.9400000000000013	18.6000000000000014	11.5399999999999991	0.4238000000000000
7.7000000000000002	13.3000000000000007	3.0099999999999998	-0.8476000000000000
7.2400000000000002	12.4300000000000015	3.1800000000000002	0.4238000000000000
8.6099999999999994	13.2800000000000011	3.4200000000000004	0.4238000000000000
6.1799999999999997	15.6699999999999999	12.8399999999999999	-0.8476000000000000
6.1299999999999999	16.4900000000000020	13.4100000000000001	0.4238000000000000
7.0699999999999994	15.6400000000000006	12.3900000000000006	0.4238000000000000
13.5200000000000014	0.5200000000000000	1.6800000000000002	-0.8476000000000000
13.8700000000000010	0.1100000000000000	0.8400000000000001	0.4238000000000000
12.6200000000000010	0.1400000000000000	1.8799999999999999	0.4238000000000000
13.0000000000000000	4.5300000000000002	6.9099999999999993	-0.8476000000000000
12.4100000000000001	5.3300000000000001	6.9499999999999993	0.4238000000000000
13.1499999999999986	4.1799999999999997	7.8399999999999999	0.4238000000000000
15.9299999999999997	2.2100000000000000	8.8200000000000003	-0.8476000000000000
15.0899999999999999	2.2000000000000002	9.3600000000000012	0.4238000000000000
15.9499999999999993	3.0400000000000000	8.2599999999999998	0.4238000000000000
0.3900000000000000	10.7699999999999996	3.0000000000000000	-0.8476000000000000
1.3800000000000001	10.6600000000000001	2.9099999999999997	0.4238000000000000
-0.0100000000000000	9.9100000000000001	3.3200000000000003	0.4238000000000000
8.7500000000000000	16.4600000000000009	3.3700000000000001	-0.8476000000000000
7.9800000000000004	16.1099999999999994	2.8299999999999996	0.4238000000000000
8.4299999999999997	17.1700000000000017	3.9900000000000002	0.4238000000000000
