# Teilchenzahl: 648
# Len: 1.86206
# Mesh: 16
# kmax: 20
# alpha: 0.861531
# beta: 1
# ip: 7
# rcut: 4
# Temp: 1.000000
# Bjerrum: 1.000000
0.23	0.628	0.113	-0.8476
0.137	0.626	0.15	0.4238
0.231	0.589	0.021	0.4238
0.225	0.275	0.996	-0.8476
0.26	0.258	1.088	0.4238
0.137	0.23	0.984	0.4238
1.881	0.368	0.647	-0.8476
1.8	0.411	0.686	0.4238
1.853	0.295	0.584	0.4238
0.569	1.275	1.165	-0.8476
0.476	1.268	1.128	0.4238
0.58	1.364	1.209	0.4238
1.555	1.511	0.703	-0.8476
1.498	1.495	0.784	0.4238
1.496	1.521	0.623	0.4238
1.743	0.618	0.856	-0.8476
1.776	0.712	0.856	0.4238
1.795	0.564	0.922	0.4238
1.135	0.703	0.717	-0.8476
1.192	0.781	0.692	0.4238
1.075	0.729	0.793	0.4238
1.755	0.607	0.231	-0.8476
1.743	0.594	0.133	0.4238
1.725	0.525	0.28	0.4238
0.768	1.144	1.023	-0.8476
0.69	1.161	1.083	0.4238
0.802	1.231	0.987	0.4238
0.85	0.798	1.823	-0.8476
0.846	0.874	1.888	0.4238
0.872	0.834	1.732	0.4238
0.685	1.012	0.665	-0.8476
0.754	0.996	0.735	0.4238
0.612	1.069	0.703	0.4238
0.686	1.161	1.803	-0.8476
0.746	1.24	1.817	0.4238
0.6	1.192	1.762	0.4238
0.335	1.435	1.061	-0.8476
0.256	1.404	1.008	0.4238
0.393	1.493	1.004	0.4238
1.46	1.505	1.339	-0.8476
1.484	1.599	1.365	0.4238
1.444	1.451	1.421	0.4238
0.438	0.392	1.499	-0.8476
0.52	0.336	1.508	0.4238
0.357	0.334	1.503	0.4238
1.603	0.447	0.737	-0.8476
1.529	0.493	0.687	0.4238
1.654	0.515	0.79	0.4238
0.231	1.713	0.483	-0.8476
0.265	1.79	0.537	0.4238
0.275	1.713	0.393	0.4238
1.127	1.341	1.69	-0.8476
1.174	1.342	1.778	0.4238
1.079	1.254	1.679	0.4238
0.23	1.434	0.538	-0.8476
0.204	1.531	0.538	0.4238
0.159	1.38	0.583	0.4238
0.24	1.091	0.886	-0.8476
0.254	1.007	0.938	0.4238
0.185	1.155	0.94	0.4238
0.62	1.786	1.439	-0.8476
0.528	1.769	1.474	0.4238
0.648	1.878	1.465	0.4238
0.606	0.964	0.123	-0.8476
0.613	1.048	0.069	0.4238
0.652	0.977	0.211	0.4238
1.594	0.114	1.48	-0.8476
1.576	0.181	1.408	0.4238
1.591	0.16	1.569	0.4238
0.122	0.643	0.563	-0.8476
0.077	0.555	0.58	0.4238
0.121	0.697	0.647	0.4238
-0.02	1.767	0.359	-0.8476
0.034	1.738	0.438	0.4238
0.01	1.858	0.33	0.4238
0.027	1.596	0.117	-0.8476
0.008	1.5	0.138	0.4238
-0.006	1.654	0.192	0.4238
1.689	0.922	0.612	-0.8476
1.784	0.893	0.62	0.4238
1.681	0.987	0.537	0.4238
1.641	1.108	0.432	-0.8476
1.726	1.11	0.38	0.4238
1.655	1.155	0.52	0.4238
0.113	0.737	1.597	-0.8476
0.201	0.724	1.642	0.4238
0.1	0.834	1.575	0.4238
0.613	1.365	0.726	-0.8476
0.564	1.278	0.735	0.4238
0.59	1.408	0.639	0.4238
1.293	1.228	1.423	-0.8476
1.33	1.155	1.365	0.4238
1.345	1.233	1.508	0.4238
0.809	0.004	0.502	-0.8476
0.849	0.095	0.493	0.4238
0.709	0.012	0.508	0.4238
0.197	0.976	1.264	-0.8476
0.286	0.931	1.25	0.4238
0.124	0.911	1.245	0.4238
1.525	0.999	0.19	-0.8476
1.462	0.923	0.203	0.4238
1.573	1.017	0.276	0.4238
1.187	1.792	1.616	-0.8476
1.211	1.852	1.54	0.4238
1.194	1.697	1.586	0.4238
0.317	0.251	1.801	-0.8476
0.388	0.321	1.807	0.4238
0.229	0.29	1.829	0.4238
1.466	1.417	0.953	-0.8476
1.407	1.423	1.033	0.4238
1.451	1.329	0.907	0.4238
1.667	1.714	0.572	-0.8476
1.626	1.691	0.484	0.4238
1.649	1.64	0.637	0.4238
0.598	0.729	0.27	-0.8476
0.622	0.798	0.202	0.4238
0.52	0.762	0.324	0.4238
1.281	0.345	0.944	-0.8476
1.195	0.295	0.931	0.4238
1.343	0.291	1	0.4238
1.576	1.662	0.307	-0.8476
1.665	1.708	0.31	0.4238
1.555	1.638	0.212	0.4238
0.807	0.605	1.465	-0.8476
0.76	0.602	1.554	0.4238
0.756	0.55	1.399	0.4238
1.394	0.469	1.674	-0.8476
1.374	0.512	1.762	0.4238
1.472	0.407	1.684	0.4238
0.973	0.89	1.572	-0.8476
1.019	0.806	1.543	0.4238
0.917	0.924	1.497	0.4238
0.991	0.41	1.242	-0.8476
0.914	0.444	1.296	0.4238
0.957	0.359	1.163	0.4238
1.041	0.701	0.429	-0.8476
1.067	0.697	0.525	0.4238
0.956	0.65	0.415	0.4238
0.076	0.811	0.789	-0.8476
0.175	0.799	0.798	0.4238
0.052	0.906	0.81	0.4238
0.13	1.821	1.571	-0.8476
0.121	1.806	1.67	0.4238
0.044	1.857	1.535	0.4238
0.865	0.348	0.195	-0.8476
0.925	0.411	0.146	0.4238
0.884	0.254	0.166	0.4238
1.719	0.585	1.831	-0.8476
1.693	0.674	1.795	0.4238
1.717	0.517	1.758	0.4238
1.362	1.144	0.545	-0.8476
1.445	1.115	0.497	0.4238
1.313	1.211	0.489	0.4238
0.55	0.196	0.885	-0.8476
0.545	0.191	0.985	0.4238
0.552	0.292	0.856	0.4238
1.008	1.456	0.477	-0.8476
0.962	1.528	0.426	0.4238
1.004	1.477	0.575	0.4238
0.351	1.801	0.853	-0.8476
0.401	1.715	0.859	0.4238
0.416	1.877	0.85	0.4238
1.795	1.066	0.873	-0.8476
1.732	1.051	0.797	0.4238
1.743	1.077	0.958	0.4238
1.227	1.55	1.506	-0.8476
1.233	1.473	1.57	0.4238
1.174	1.523	1.425	0.4238
0.321	0.943	0.242	-0.8476
0.403	0.982	0.2	0.4238
0.294	0.861	0.193	0.4238
1.458	0.735	0.728	-0.8476
1.453	0.669	0.803	0.4238
1.538	0.794	0.741	0.4238
0.461	1.266	1.727	-0.8476
0.41	1.267	1.641	0.4238
0.398	1.248	1.803	0.4238
1.111	1.776	0.237	-0.8476
1.051	1.714	0.287	0.4238
1.142	1.732	0.153	0.4238
0.202	0.285	1.498	-0.8476
0.123	0.345	1.485	0.4238
0.192	0.236	1.584	0.4238
1.632	1.377	0.081	-0.8476
1.6	1.471	0.071	0.4238
1.555	1.314	0.069	0.4238
0.464	1.743	0.323	-0.8476
0.497	1.782	0.409	0.4238
0.54	1.736	0.258	0.4238
1.4	0.107	0.426	-0.8476
1.376	0.07	0.336	0.4238
1.499	0.123	0.43	0.4238
0.249	1.785	1.241	-0.8476
0.306	1.72	1.291	0.4238
0.233	1.752	1.148	0.4238
0.94	1.698	0.904	-0.8476
1.02	1.642	0.925	0.4238
0.891	1.658	0.827	0.4238
0.382	0.7	0.48	-0.8476
0.427	0.611	0.477	0.4238
0.288	0.689	0.513	0.4238
1.547	0.222	1.729	-0.8476
1.542	0.259	1.822	0.4238
1.475	0.153	1.717	0.4238
0.614	0.122	0.117	-0.8476
0.711	0.1	0.124	0.4238
0.583	0.105	0.024	0.4238
0.781	0.264	1.749	-0.8476
0.848	0.203	1.792	0.4238
0.708	0.283	1.814	0.4238
0.888	1.514	1.195	-0.8476
0.865	1.489	1.101	0.4238
0.949	1.445	1.234	0.4238
1.351	0.59	1.433	-0.8476
1.379	0.547	1.519	0.4238
1.376	0.687	1.434	0.4238
0.803	1.402	0.924	-0.8476
0.893	1.416	0.882	0.4238
0.732	1.404	0.853	0.4238
0.922	0.503	0.899	-0.8476
0.897	0.493	0.803	0.4238
0.97	0.421	0.929	0.4238
0.539	0.064	0.512	-0.8476
0.458	0.065	0.57	0.4238
0.542	0.147	0.457	0.4238
1.434	1.188	0.041	-0.8476
1.466	1.112	0.098	0.4238
1.342	1.215	0.071	0.4238
0.297	0.035	0.171	-0.8476
0.346	0.119	0.15	0.4238
0.359	-0.03	0.216	0.4238
0.935	0.236	0.48	-0.8476
0.887	0.277	0.402	0.4238
1.033	0.234	0.461	0.4238
1.076	0.683	1.464	-0.8476
0.996	0.622	1.467	0.4238
1.157	0.63	1.44	0.4238
1.227	1.57	0.793	-0.8476
1.248	1.644	0.728	0.4238
1.295	1.57	0.866	0.4238
0.459	1.152	0.741	-0.8476
0.388	1.125	0.806	0.4238
0.433	1.124	0.649	0.4238
1.271	1.797	0.591	-0.8476
1.315	1.861	0.527	0.4238
1.221	1.849	0.661	0.4238
1.032	0.549	0.016	-0.8476
0.991	0.631	-0.023	0.4238
1.096	0.575	0.089	0.4238
0.078	0.556	1.386	-0.8476
0.169	0.555	1.345	0.4238
0.072	0.63	1.453	0.4238
0.561	0.222	1.147	-0.8476
0.599	0.137	1.184	0.4238
0.473	0.241	1.191	0.4238
0.866	0.454	0.642	-0.8476
0.834	0.526	0.58	0.4238
0.89	0.373	0.589	0.4238
1.017	0.039	0.753	-0.8476
0.945	0.044	0.684	0.4238
0.993	-0.03	0.822	0.4238
1.429	1.173	0.867	-0.8476
1.374	1.09	0.861	0.4238
1.455	1.203	0.775	0.4238
1.466	0.59	0.992	-0.8476
1.436	0.495	0.999	0.4238
1.539	0.606	1.058	0.4238
1.857	0.833	0.377	-0.8476
1.899	0.769	0.441	0.4238
1.819	0.782	0.299	0.4238
0.488	1.385	0.174	-0.8476
0.401	1.37	0.221	0.4238
0.471	1.411	0.079	0.4238
1.664	1.28	0.657	-0.8476
1.763	1.288	0.671	0.4238
1.619	1.364	0.688	0.4238
1.39	0.575	0.078	-0.8476
1.336	0.554	0.159	0.4238
1.481	0.534	0.087	0.4238
0.527	0.256	0.328	-0.8476
0.554	0.196	0.252	0.4238
0.527	0.351	0.297	0.4238
1.754	1.223	1.588	-0.8476
1.845	1.184	1.575	0.4238
1.762	1.32	1.612	0.4238
1.064	1.347	1.34	-0.8476
0.984	1.324	1.395	0.4238
1.147	1.321	1.389	0.4238
1.592	1.629	1.625	-0.8476
1.619	1.663	1.535	0.4238
1.672	1.591	1.672	0.4238
1.111	1.195	1.1	-0.8476
1.071	1.239	1.18	0.4238
1.07	1.232	1.017	0.4238
1.638	1.099	1.079	-0.8476
1.643	1.18	1.138	0.4238
1.552	1.101	1.028	0.4238
0.915	0.089	1.402	-0.8476
0.94	0.069	1.307	0.4238
0.987	0.145	1.444	0.4238
0.98	1.116	1.719	-0.8476
0.881	1.122	1.729	0.4238
1.003	1.036	1.663	0.4238
0.705	1.05	0.368	-0.8476
0.691	1.057	0.467	0.4238
0.789	0.999	0.35	0.4238
0.41	0.813	1.251	-0.8476
0.496	0.825	1.301	0.4238
0.368	0.726	1.278	0.4238
1.274	0.386	1.262	-0.8476
1.295	0.46	1.326	0.4238
1.185	0.403	1.219	0.4238
0.064	1.564	1.331	-0.8476
0.018	1.646	1.297	0.4238
0.162	1.583	1.34	0.4238
0.367	1.1	0.501	-0.8476
0.36	1.183	0.445	0.4238
0.371	1.02	0.441	0.4238
0.566	0.537	0.865	-0.8476
0.578	0.603	0.791	0.4238
0.612	0.571	0.947	0.4238
1.252	1.348	0.388	-0.8476
1.302	1.425	0.428	0.4238
1.157	1.35	0.42	0.4238
1.272	1.445	1.142	-0.8476
1.319	1.458	1.229	0.4238
1.206	1.371	1.151	0.4238
1.582	0.639	0.472	-0.8476
1.551	0.7	0.545	0.4238
1.632	0.691	0.403	0.4238
0.354	1.51	1.329	-0.8476
0.333	1.466	1.242	0.4238
0.451	1.536	1.332	0.4238
0.402	0.751	1.598	-0.8476
0.471	0.806	1.551	0.4238
0.442	0.663	1.625	0.4238
1.587	0.779	1.67	-0.8476
1.495	0.817	1.665	0.4238
1.647	0.826	1.605	0.4238
1.013	0.105	1.77	-0.8476
1.019	0.19	1.718	0.4238
1.045	0.029	1.713	0.4238
0.504	0.05	1.74	-0.8476
0.462	-0.007	1.67	0.4238
0.438	0.118	1.772	0.4238
0.573	0.87	1.029	-0.8476
0.617	0.959	1.021	0.4238
0.51	0.871	1.107	0.4238
1.36	0.862	1.045	-0.8476
1.285	0.862	0.979	0.4238
1.397	0.77	1.054	0.4238
1.209	0.525	0.275	-0.8476
1.222	0.442	0.329	0.4238
1.18	0.599	0.335	0.4238
0.307	0.213	1.231	-0.8476
0.284	0.25	1.321	0.4238
0.277	0.118	1.225	0.4238
0.037	1.31	1.282	-0.8476
0.09	1.261	1.351	0.4238
0.059	1.408	1.287	0.4238
0.732	0.634	1.064	-0.8476
0.791	0.608	0.988	0.4238
0.704	0.729	1.053	0.4238
1.728	0.935	1.854	-0.8476
1.682	0.928	1.765	0.4238
1.667	0.979	1.92	0.4238
0.307	0.063	0.618	-0.8476
0.296	0.157	0.651	0.4238
0.302	-0	0.695	0.4238
1.622	0.367	0.374	-0.8476
1.624	0.291	0.439	0.4238
1.574	0.444	0.415	0.4238
1.023	0.766	0.966	-0.8476
1.038	0.787	1.063	0.4238
0.993	0.671	0.957	0.4238
0.98	1.573	1.7	-0.8476
0.96	1.617	1.612	0.4238
1.019	1.482	1.684	0.4238
-0.003	1.518	1.605	-0.8476
0.011	1.545	1.51	0.4238
0.079	1.54	1.658	0.4238
0.35	0.898	1.804	-0.8476
0.426	0.942	1.852	0.4238
0.385	0.851	1.723	0.4238
1.54	0.274	0.125	-0.8476
1.479	0.199	0.148	0.4238
1.562	0.326	0.208	0.4238
1.303	0.838	0.042	-0.8476
1.337	0.745	0.057	0.4238
1.321	0.865	-0.053	0.4238
1.068	1.333	0.849	-0.8476
1.075	1.25	0.794	0.4238
1.13	1.402	0.813	0.4238
0.319	0.81	0.949	-0.8476
0.412	0.846	0.954	0.4238
0.313	0.725	1.001	0.4238
0.339	0.509	1.006	-0.8476
0.287	0.426	0.989	0.4238
0.416	0.514	0.942	0.4238
0.511	0.415	1.808	-0.8476
0.493	0.46	1.896	0.4238
0.553	0.48	1.745	0.4238
1.138	0.38	1.678	-0.8476
1.093	0.443	1.742	0.4238
1.232	0.411	1.661	0.4238
1.16	0.207	1.477	-0.8476
1.16	0.271	1.554	0.4238
1.188	0.255	1.394	0.4238
1.87	1.326	0.2	-0.8476
1.777	1.347	0.169	0.4238
1.88	1.227	0.213	0.4238
0.088	1.801	0.927	-0.8476
0.046	1.715	0.9	0.4238
0.182	1.804	0.893	0.4238
0.504	1.568	0.91	-0.8476
0.57	1.642	0.919	0.4238
0.548	1.489	0.868	0.4238
1.002	0.796	1.238	-0.8476
1.043	0.764	1.324	0.4238
0.906	0.769	1.235	0.4238
0.04	0.544	1.114	-0.8476
0.125	0.511	1.073	0.4238
0.053	0.559	1.212	0.4238
0.189	0.52	1.722	-0.8476
0.248	0.48	1.652	0.4238
0.131	0.591	1.681	0.4238
1.369	0.95	1.66	-0.8476
1.408	1.04	1.68	0.4238
1.379	0.93	1.563	0.4238
0.815	0.572	0.325	-0.8476
0.822	0.483	0.279	0.4238
0.721	0.606	0.317	0.4238
1.657	0.604	1.206	-0.8476
1.619	0.535	1.268	0.4238
1.739	0.568	1.162	0.4238
0.252	1.564	1.744	-0.8476
0.222	1.621	1.82	0.4238
0.245	1.468	1.77	0.4238
0.671	0.464	1.269	-0.8476
0.637	0.375	1.239	0.4238
0.697	0.518	1.189	0.4238
0.93	1.678	1.465	-0.8476
0.906	1.66	1.37	0.4238
0.96	1.773	1.475	0.4238
0.473	0.5	0.191	-0.8476
0.534	0.579	0.195	0.4238
0.378	0.531	0.198	0.4238
0.159	1.137	1.466	-0.8476
0.181	1.076	1.542	0.4238
0.169	1.088	1.38	0.4238
1.347	1.059	1.234	-0.8476
1.371	0.996	1.16	0.4238
1.257	1.099	1.216	0.4238
1.302	0.855	0.309	-0.8476
1.217	0.824	0.351	0.4238
1.298	0.841	0.21	0.4238
1.759	1.747	1.154	-0.8476
1.82	1.777	1.081	0.4238
1.721	1.657	1.132	0.4238
1.252	1.731	1.128	-0.8476
1.336	1.736	1.074	0.4238
1.229	1.635	1.146	0.4238
0.083	1.258	1.022	-0.8476
0.078	1.257	1.122	0.4238
0	1.217	0.984	0.4238
0.688	1.662	1.716	-0.8476
0.631	1.744	1.725	0.4238
0.74	1.666	1.63	0.4238
0.903	0.086	0.133	-0.8476
0.954	0.087	0.047	0.4238
0.959	0.044	0.204	0.4238
1.726	0.135	0.523	-0.8476
1.799	0.118	0.456	0.4238
1.695	0.048	0.561	0.4238
1.388	1.573	0.477	-0.8476
1.455	1.585	0.403	0.4238
1.348	1.662	0.5	0.4238
0.13	1.794	-0.011	-0.8476
0.089	1.72	0.042	0.4238
0.194	1.845	0.047	0.4238
1.28	0.927	0.672	-0.8476
1.339	0.847	0.674	0.4238
1.32	0.996	0.612	0.4238
0.83	1.273	1.422	-0.8476
0.825	1.306	1.516	0.4238
0.744	1.292	1.376	0.4238
0.672	1.616	0.154	-0.8476
0.681	1.626	0.055	0.4238
0.632	1.527	0.175	0.4238
1.65	1.72	1.394	-0.8476
1.703	1.73	1.31	0.4238
1.623	1.81	1.428	0.4238
1.841	0.175	0.963	-0.8476
1.88	0.09	0.927	0.4238
1.743	0.177	0.944	0.4238
0.263	0.326	0.72	-0.8476
0.184	0.377	0.686	0.4238
0.254	0.311	0.818	0.4238
1.194	1.612	0.031	-0.8476
1.2	1.519	0.068	0.4238
1.135	1.612	-0.049	0.4238
0.822	1.002	1.372	-0.8476
0.862	1.001	1.28	0.4238
0.832	1.093	1.412	0.4238
0.916	0.91	0.291	-0.8476
0.979	0.948	0.223	0.4238
0.956	0.827	0.33	0.4238
1.504	1.607	0.044	-0.8476
1.412	1.644	0.051	0.4238
1.542	1.627	-0.046	0.4238
0.372	1.288	1.49	-0.8476
0.359	1.381	1.456	0.4238
0.288	1.236	1.477	0.4238
1.614	1.292	1.289	-0.8476
1.674	1.295	1.369	0.4238
1.539	1.356	1.302	0.4238
1.039	1.098	0.696	-0.8476
0.969	1.051	0.75	0.4238
1.098	1.03	0.653	0.4238
1.014	0.236	0.971	-0.8476
1.006	0.2	0.878	0.4238
1.012	0.16	1.036	0.4238
0.59	1.487	0.491	-0.8476
0.632	1.429	0.421	0.4238
0.546	1.566	0.447	0.4238
1.709	0.385	1.381	-0.8476
1.782	0.454	1.385	0.4238
1.737	0.31	1.322	0.4238
0.255	1.348	0.29	-0.8476
0.159	1.349	0.263	0.4238
0.267	1.401	0.374	0.4238
0.105	1.013	1.726	-0.8476
0.028	0.98	1.78	0.4238
0.191	0.983	1.768	0.4238
0.672	0.203	1.489	-0.8476
0.762	0.187	1.449	0.4238
0.68	0.208	1.589	0.4238
0.075	0.345	0.033	-0.8476
-0.017	0.317	0.004	0.4238
0.106	0.422	-0.023	0.4238
1.44	0.856	1.398	-0.8476
1.383	0.908	1.335	0.4238
1.536	0.868	1.374	0.4238
0.072	0.166	0.318	-0.8476
0.055	0.249	0.264	0.4238
0.162	0.129	0.296	0.4238
1.183	1.335	0.119	-0.8476
1.084	1.324	0.121	0.4238
1.217	1.35	0.212	0.4238
0.613	0.842	1.431	-0.8476
0.669	0.923	1.414	0.4238
0.672	0.761	1.434	0.4238
1.493	1.767	0.959	-0.8476
1.526	1.831	0.89	0.4238
1.559	1.761	1.034	0.4238
0.716	0.565	1.708	-0.8476
0.735	0.63	1.782	0.4238
0.776	0.485	1.717	0.4238
1.45	1.22	1.633	-0.8476
1.441	1.21	1.732	0.4238
1.546	1.213	1.607	0.4238
0.39	1.741	1.56	-0.8476
0.299	1.782	1.558	0.4238
0.383	1.647	1.592	0.4238
1.674	0.883	1.254	-0.8476
1.647	0.794	1.217	0.4238
1.675	0.951	1.181	0.4238
1.225	0.325	0.449	-0.8476
1.291	0.25	0.438	0.4238
1.245	0.375	0.533	0.4238
0.594	0.745	0.652	-0.8476
0.644	0.83	0.633	0.4238
0.506	0.747	0.604	0.4238
1.777	0.342	1.642	-0.8476
1.76	0.373	1.548	0.4238
1.693	0.305	1.68	0.4238
1.73	0.934	1.517	-0.8476
1.768	1.025	1.532	0.4238
1.722	0.917	1.419	0.4238
0.859	1.374	0.016	-0.8476
0.813	1.389	0.104	0.4238
0.903	1.459	-0.014	0.4238
0.661	1.79	0.953	-0.8476
0.615	1.878	0.94	0.4238
0.76	1.802	0.946	0.4238
1.408	1.851	1.72	-0.8476
1.312	1.84	1.693	0.4238
1.464	1.784	1.672	0.4238
0.859	0.956	0.861	-0.8476
0.913	0.887	0.909	0.4238
0.827	1.025	0.926	0.4238
1.083	0.984	0.087	-0.8476
1.06	1.037	0.005	0.4238
1.164	0.928	0.068	0.4238
1.861	1.569	0.851	-0.8476
1.79	1.557	0.781	0.4238
1.862	1.489	0.911	0.4238
0.221	1.314	-0.018	-0.8476
0.156	1.241	-0.039	0.4238
0.225	1.328	0.081	0.4238
0.079	1.24	0.653	-0.8476
0.078	1.193	0.741	0.4238
0.16	1.212	0.602	0.4238
0.672	1.391	1.624	-0.8476
0.594	1.341	1.662	0.4238
0.669	1.486	1.655	0.4238
1.824	0.192	1.227	-0.8476
1.82	0.102	1.271	0.4238
1.827	0.181	1.128	0.4238
0.428	0.424	0.52	-0.8476
0.458	0.351	0.458	0.4238
0.389	0.384	0.603	0.4238
1.705	1.487	1.104	-0.8476
1.612	1.462	1.077	0.4238
1.731	1.437	1.186	0.4238
0.317	0.547	1.28	-0.8476
0.355	0.488	1.352	0.4238
0.357	0.521	1.192	0.4238
0.812	1.586	0.687	-0.8476
0.844	1.596	0.593	0.4238
0.733	1.524	0.689	0.4238
1.424	0.214	1.112	-0.8476
1.476	0.149	1.167	0.4238
1.375	0.277	1.173	0.4238
1.001	1.896	1.154	-0.8476
0.938	1.825	1.123	0.4238
1.094	1.86	1.154	0.4238
0.77	1.33	0.301	-0.8476
0.724	1.243	0.318	0.4238
0.861	1.328	0.342	0.4238
0.618	1.567	1.284	-0.8476
0.613	1.649	1.341	0.4238
0.707	1.564	1.239	0.4238
1.352	0.052	0.168	-0.8476
1.387	0.011	0.084	0.4238
1.262	0.014	0.188	0.4238
1.3	0.453	0.691	-0.8476
1.241	0.533	0.695	0.4238
1.315	0.418	0.784	0.4238
1.593	0.221	0.882	-0.8476
1.509	0.22	0.936	0.4238
1.595	0.304	0.826	0.4238
0.039	1.077	0.3	-0.8476
0.138	1.066	0.291	0.4238
-0.001	0.991	0.332	0.4238
0.875	1.646	0.337	-0.8476
0.798	1.611	0.283	0.4238
0.843	1.717	0.399	0.4238
