512
25.557108333705028
19.77078778623697 30.63991492044559 4.777383113711272 -1.0
20.62919504230513 34.254863526598044 13.612524569704217 1.0
18.872041764795515 -2.585243112126083 28.271510036258455 -1.0
-0.9414676803922752 19.67019893483087 23.85149943609991 1.0
-8.573326280168033 28.293039505533656 11.851529734507572 -1.0
22.838129746376133 13.576137365189595 0.8605248716183178 1.0
22.252227865334373 8.45759066331815 -17.926108748818674 -1.0
-13.333061102321551 8.637962433110914 5.929995928025913 1.0
42.41379588102867 23.201221271156022 17.721220238788348 -1.0
-8.128555357566956 35.28794749523526 22.302453481737455 1.0
-2.7399262919241316 -16.603066719074086 -5.136283811256586 -1.0
-11.669136350863647 -7.848489881356613 -10.237338660709204 1.0
9.89308050718633 13.043723287276098 16.599431221211915 -1.0
4.618487504347491 -12.39069325841382 15.75085321897656 1.0
-2.306459510174136 26.166411903037492 22.501959872346625 -1.0
6.416294149510772 18.78932196829188 30.261131702169344 1.0
22.893887519964263 14.804685311733717 41.3464648402174 -1.0
-2.6553021102814256 18.911880079807176 6.870046287398093 1.0
21.89189736704555 25.13315650505607 27.69090657298858 -1.0
2.38129254573843 20.475631715242255 0.1947344705430716 1.0
3.8855290371606777 17.83484118179167 0.18431145564123094 -1.0
5.922892994794184 10.08910705469268 45.332956690226226 1.0
15.959184719696164 31.24807754292951 0.1488312332119589 -1.0
14.859424675812033 11.235141929007163 -9.860529012448515 1.0
27.5427072436745 22.91514181656985 20.24727102711848 -1.0
3.0032814497417406 15.537298045634053 17.825870484188115 1.0
22.614341025335616 -7.456517194979224 9.236658734471659 -1.0
1.3881252868899177 0.5799216352755983 9.127616393487871 1.0
-8.73724750204375 5.875612898190428 39.04023210865037 -1.0
23.3779188505533 16.457200335533706 -2.170088828318491 1.0
33.45028713721227 3.147755231716479 0.389359368776871 -1.0
9.002316803582376 24.6124366551953 37.01491348455734 1.0
-10.149113995589929 34.34893318076376 15.865568073004825 -1.0
15.996257662133265 39.02536711122768 19.24752406633331 1.0
-2.5631662628805927 18.523988715436975 15.400246068893246 -1.0
22.55064251662442 -2.5498912720612736 16.541837432771008 1.0
8.935537548403415 2.14743323718013 13.317924772827245 -1.0
12.235812870868603 3.5933166382270962 7.110310741746848 1.0
23.75018843311568 21.31552030527503 -17.285841655802393 -1.0
-2.945955360855038 14.26889774460474 32.91925734533729 1.0
32.96494713933629 10.24894670113098 1.94040323738906 -1.0
-1.496547552868961 -3.4995239258577264 20.65373126334342 1.0
34.36077621417181 9.579670821241065 23.525260634860366 -1.0
-10.168002816802266 20.495338504667952 17.78726874997349 1.0
-1.15412089215841 21.80290561850258 42.63593898609083 -1.0
3.8575590445533514 15.45287398150137 8.7100605457848 1.0
-1.732656296133996 12.493217102872904 8.755682458277173 -1.0
9.672804355307832 -11.277992762419332 10.259725027348464 1.0
18.786278089743128 8.230571365451523 7.202837252366262 -1.0
24.90025857156044 27.21173005970108 15.410400973335456 1.0
17.460923092221908 13.250115930963783 31.10847651094401 -1.0
34.72481054777309 30.01156885378724 15.324816462027293 1.0
15.528483344043256 17.600979991997303 -6.753071499859274 -1.0
16.478126386287816 -3.133140337080654 10.958812651968888 1.0
33.69895255526503 16.113629185089767 11.54416690709281 -1.0
18.573810684126183 7.871149918783416 4.044244486516155 1.0
14.390560231654938 28.109539841042427 4.682439637126668 -1.0
10.329890515181903 42.25843839750667 12.651032360532003 1.0
7.713967270116759 8.749230991267186 13.946879615341143 -1.0
10.284739898953518 18.87860046244801 15.894276656259283 1.0
13.966536909693472 22.57218793062951 -14.085440708423521 -1.0
-2.292830435293599 -3.8934022987068104 5.466576037351422 1.0
5.241189476500481 9.144038447868748 -3.457830646707354 -1.0
-2.64903359217897 25.51206937720208 11.96516253134685 1.0
-0.4077643493222709 26.089976083320217 -6.8407600627852645 -1.0
-6.400491483399584 23.30375805659736 19.02597810779913 1.0
23.458300103251556 3.923230218696881 31.27323116905363 -1.0
8.722442511818784 24.253063828035145 21.47578510139162 1.0
9.021975995977234 18.846738344533897 18.522406605389044 -1.0
36.053222317752784 12.795064806094585 -11.167456807127646 1.0
11.107967593103224 43.75915007481468 34.14146094495755 -1.0
-1.4008025817703107 38.94044336775375 71.66394871253362 1.0
-5.87086946933378 7.9406815282963255 16.75713896987483 -1.0
4.39413819963133 17.98520712293 -4.542708647012212 1.0
28.21633390985739 29.75211285746838 -8.06080820586488 -1.0
3.4829205670551113 -1.224700093243289 0.9539276989515042 1.0
18.62894343870565 33.15346526627698 23.801795345195345 -1.0
17.762997424159373 23.394165507106585 25.53650082161416 1.0
21.510331893295728 22.352980268157808 19.303341405033294 -1.0
-0.3440364520729027 4.139604857587034 18.16965906263009 1.0
4.59633750357021 21.43256967176144 12.576613228725924 -1.0
-3.597961372756295 6.683263416528139 31.40761095105703 1.0
-5.304710060530031 -1.8187012056331149 -0.545166740430858 -1.0
24.950530030453574 13.834159720265776 11.336502524084258 1.0
8.181897222838632 44.09985841518831 3.1277002780658667 -1.0
23.284013629133877 31.855299249725352 -4.014044642071163 1.0
30.125696853159585 10.153331535349592 6.455158645301464 -1.0
-3.8465165802726062 20.506948991616554 35.381938916953885 1.0
12.097081471875134 -1.8282964308621068 1.961055256469024 -1.0
0.4289483800132758 20.57946884325412 28.146171913683837 1.0
-1.0357180686419554 -0.4177139092056805 35.722082645100826 -1.0
17.54284215963903 11.766642129922463 12.602319937870549 1.0
21.734391345303326 35.9078680610996 16.071652794694636 -1.0
8.928230104698295 40.13092926332793 23.36912044925053 1.0
35.64948978722695 7.022992147522123 16.558125769912497 -1.0
3.4942104194993626 18.602657717074777 3.0682340072650356 1.0
10.127607767940182 -1.4226135394631854 4.419730368411115 -1.0
37.8976145987329 5.051293896349969 3.3052612587079637 1.0
20.3679773130778 12.665479668812264 1.5959573221536776 -1.0
-2.0782257402424023 1.0771101024446952 29.143149362333695 1.0
37.961685819815166 28.114295426246006 1.9077357632204088 -1.0
2.760562749299833 -13.482749148880679 6.848618699190266 1.0
27.654577540344665 -5.028712195291838 9.464779757968486 -1.0
38.724688124879094 26.010927328188814 2.7993665931498724 1.0
14.907686689163624 10.653496827593845 6.245770099059966 -1.0
35.31845161706394 27.161964074055177 2.0083448379284636 1.0
21.92408992826877 13.715015413922325 45.09148661941931 -1.0
10.551891195723112 11.369040377379108 24.006789459671484 1.0
2.6564166967836966 1.4401787838896485 21.289696218648345 -1.0
16.45079391373728 21.33140234713245 -3.5852622309778646 1.0
12.510354085975187 31.91684873055184 6.621527644972851 -1.0
-1.8879372625826178 5.140529704991486 0.932795638616605 1.0
22.886449400191633 -0.6922450736635639 15.259032244851644 -1.0
-1.2240211680391972 10.00848333040182 9.886960661476937 1.0
21.54404120988854 6.037265188732549 13.215724306732803 -1.0
3.6684284337904423 3.016576480815235 -14.767345843823753 1.0
15.592742303348542 42.519378860131724 23.086758479632934 -1.0
10.630433532266288 19.931434713225645 23.21702728291525 1.0
22.523283566677836 20.648855183351216 28.74768736171454 -1.0
1.9538496632597513 -9.169401629369265 13.753591505327803 1.0
7.622853029340223 5.981875315440735 32.32693955406121 -1.0
8.040243365740809 5.5949590689554105 9.405997701901173 1.0
8.36530765535779 15.916636689855553 19.971992057039298 -1.0
32.82411086467857 15.791646021011116 13.930723527323414 1.0
6.244057543700091 13.328750883394493 29.605993964679588 -1.0
13.065197305167015 11.58954485629061 21.43526676293004 1.0
7.295813252840391 33.78647340418538 9.591164230759361 -1.0
11.377842768675386 -3.138464447700123 31.081175772327533 1.0
25.736614610342855 -0.08207230824131528 2.7143895454966365 -1.0
19.339630545276286 29.776542244786185 11.972451880740048 1.0
-6.480235575308221 29.632597626025007 15.785659589982117 -1.0
20.730532636036365 12.934659603176575 10.675992513592245 1.0
-3.9929588811033945 2.8333725103364524 26.573827052132536 -1.0
22.913798161029824 4.090039559965502 13.015328550367224 1.0
-7.137298495507622 12.430125515910557 17.083036401315628 -1.0
29.764782570635063 22.734377294769935 18.178739616123845 1.0
13.910329295170774 4.309099691307283 10.728713334840588 -1.0
21.658979393130405 16.024299242351685 -7.994310455009671 1.0
32.400910605128516 31.69963350449989 -0.35447686460188876 -1.0
-4.4645612243407164 13.0344531082753 15.567436421710036 1.0
31.685443820731823 3.8165192025278265 34.98162298808967 -1.0
25.2282246218502 22.693652313236925 10.216909454219175 1.0
3.6251457667399607 29.949489777144063 13.280406758084881 -1.0
27.006520298279643 16.467536631544398 0.3021882209104746 1.0
38.65632809145841 8.751127979393083 -22.202158404910236 -1.0
17.909538955102217 12.68565743249414 27.98476408367056 1.0
27.225849884775197 9.844084061599249 8.404186100677029 -1.0
17.390996631146674 3.296876182244086 30.703483576005272 1.0
-10.812364354868205 27.646450982704685 -2.1250241129919836 -1.0
19.43689602168024 42.65337897654436 6.551479361207008 1.0
-7.993217165161504 42.376372040097166 -16.798735471371106 -1.0
-0.12229946572711015 19.16078122547178 -9.099257536607976 1.0
1.3399325962331343 2.8386085379957695 9.904782502626054 -1.0
14.47380654209749 10.866190601755749 8.7409851424377 1.0
26.89873927545797 17.419711084578353 29.088977771338207 -1.0
13.204105867396152 15.658112690532624 23.704628202692415 1.0
-2.221426005617907 22.586161544099845 -2.6256147989964127 -1.0
15.643826281521322 40.51545996801016 4.940380991350754 1.0
6.170073203657367 -1.4808155285368656 2.1778085022880664 -1.0
21.81328277334798 28.558634569498754 -1.6225174679615115 1.0
7.18453577436909 21.22909928958884 31.67738697851065 -1.0
43.25872152027199 17.089583318603474 17.582506630543957 1.0
13.018388617418656 39.737994949442935 -5.751759670508765 -1.0
6.951264593352807 20.306506294613122 24.06017590716028 1.0
5.997368403060419 -0.9696596558013901 18.90466624250555 -1.0
5.821232248501509 7.944932425823631 33.05501517635829 1.0
34.2076695359652 11.072606925273753 6.354496339967652 -1.0
5.682596443932168 39.701835967328655 20.355323408224915 1.0
6.3300984620843845 22.160957996252726 -9.023192085154168 -1.0
2.890519058227392 6.022530008412002 19.209356829004467 1.0
12.391085553170363 22.952479711708715 23.141783948697995 -1.0
38.0913134959285 14.728961137888119 16.994750245245267 1.0
12.646772009900294 7.327182476463032 13.041075702988726 -1.0
9.869134509191891 8.974403459069228 -4.1747082039200585 1.0
-6.623466630179266 37.22358712497829 -1.7719912066707835 -1.0
43.49831623618094 42.86489480740897 -4.3615870465475375 1.0
18.240415982822256 28.141211817254366 27.3037694683793 -1.0
14.252293380178633 20.88716855036706 38.91013652746115 1.0
-0.5718249151924013 28.778637245858302 28.328687223888554 -1.0
-4.745301778433017 32.61332659742862 25.143540439375407 1.0
-10.580256096691784 -0.7913802341826113 1.050652023132422 -1.0
9.340808814732839 17.675752151459623 21.086997308190586 1.0
23.114873490632654 6.349476790059164 -22.589948050286175 -1.0
3.975962841930895 22.170791406184243 5.728611190906762 1.0
4.684580918395444 8.601220589364504 11.595362268886308 -1.0
-12.036285393202725 30.477578029169045 17.227580227116775 1.0
1.7022431382263008 7.031271637199442 13.235103110664397 -1.0
27.528786502452082 21.777149303830953 22.56474664085511 1.0
10.037816926192033 6.675697905330368 36.017164628902606 -1.0
7.43183706032357 21.785458995378942 34.37334461068582 1.0
22.103464452830405 14.825148798541864 11.077179944989272 -1.0
12.993675964160541 -1.8495421953391116 -4.680175324901832 1.0
6.842035685483239 -6.257588460960086 35.27280174055495 -1.0
10.411747223046206 23.02975724601777 -0.32389391082199026 1.0
11.805468955775043 12.432216747301966 26.199360259956343 -1.0
18.091637169060526 -14.492557338342236 6.038117815698034 1.0
25.861767176563646 -10.72190751886128 13.680311574800218 -1.0
27.266449042825553 5.589077165682134 -10.440924524329413 1.0
25.811580813734775 18.225392506984473 12.718065130408679 -1.0
2.6354772613740005 -15.524670392429606 16.802511598364255 1.0
11.43949247567436 14.349666183790298 12.487178979039484 -1.0
17.785071085645765 14.323692531832156 15.478702194378078 1.0
16.11561499105247 45.45764972706189 15.368467530866127 -1.0
20.94961866211815 40.59017722174045 29.423636321159137 1.0
25.386656651140054 11.471055430080085 37.261802422739066 -1.0
10.788437193328322 37.506139109209805 5.490149421108247 1.0
3.8781334294791927 6.0033842770341606 8.453545672181342 -1.0
14.294794700162681 -13.929624990425998 -0.5282523638797976 1.0
-9.797061074236504 10.957941139714368 20.124792120588634 -1.0
26.947284559055028 19.81525941364049 32.46948208615119 1.0
39.852332987898244 2.743407283125265 14.338774399013161 -1.0
39.371584876183476 16.666413505465226 20.649031515164356 1.0
9.3053804881024 5.37073647460002 3.2740552426547347 -1.0
24.99185946707559 13.134035655332484 15.687546179474003 1.0
19.78780293126921 18.136516786574 -7.324730000543596 -1.0
8.877510167469817 28.13957506200085 23.71448950526023 1.0
21.69046822763729 23.571405501431002 5.8479040235116795 -1.0
6.305890133251469 23.25255110343209 14.29047608093842 1.0
4.13542132213343 25.77105319517094 30.69888816839866 -1.0
-3.3124170454035564 32.52317482278134 10.47133347360526 1.0
-2.319809091855891 21.30406762603528 11.645822050215536 -1.0
28.271950489577627 8.786414790527068 30.94323705731268 1.0
17.31741322973689 42.48574807902146 30.36113478330337 -1.0
30.093292776344377 15.358375290132523 23.78387699319478 1.0
40.774885227875515 37.556801077094924 13.091782640834285 -1.0
19.209921165427303 22.653814132966065 30.64801370589885 1.0
0.44781038163551684 31.118009776550906 20.394861303029113 -1.0
-10.484556626124993 0.0274807334765216 6.708288929464633 1.0
13.136140950904682 -10.130301746626223 30.65178657452188 -1.0
17.90079158927219 40.118033456134576 33.559785225710094 1.0
15.173086611017807 33.533338220360946 8.814565125032443 -1.0
17.196792272953232 17.574685474436674 -14.19448430901113 1.0
20.800947527758638 28.043889077357083 12.721691150906214 -1.0
32.88395280162221 26.710291070683997 18.140564392780767 1.0
24.882061161481197 15.636943043422459 21.689134170586687 -1.0
29.457122528186584 8.28517031877124 14.020873285522486 1.0
18.142175830368583 19.348354331683748 0.3416301394380857 -1.0
13.104164543284167 7.86103424716041 -26.842570085336536 1.0
-13.645822039780578 17.023065557269977 16.989974063881224 -1.0
-0.4538521811609115 7.627868456140604 19.038190170560227 1.0
29.706920261465907 11.905677557807115 18.245483947937952 -1.0
7.058489811137665 5.798997420831536 3.162437161085885 1.0
30.006524765119146 16.406892902167417 14.762833627408893 -1.0
13.812733618102886 4.558865772726336 13.094467842270543 1.0
9.408463808020098 -11.648771673384651 4.0846302416657885 -1.0
6.321858469248884 10.784789891205635 23.78987703582116 1.0
11.192708072297737 13.258360114737396 22.38598587884005 -1.0
31.855850542512144 26.758271522418895 3.8730314955818934 1.0
-3.012467746506424 34.63674927162924 25.159136652365426 -1.0
2.813963659175581 29.90234438810328 7.261760710093891 1.0
-21.60388051390791 35.414187454724164 25.640972706071658 -1.0
25.598222964500692 4.556803422869647 4.627077381238397 1.0
35.74509802356047 -3.074996847960154 18.91020820928972 -1.0
15.206312277599475 26.004293907700376 -12.407145334720799 1.0
19.975832806813898 -9.642773129834563 -2.8120776155432807 -1.0
-7.86599502879746 4.9868699716054445 26.94334040695608 1.0
33.62013765160461 -13.510146110322665 10.006327122349747 -1.0
-11.140151374770147 32.59350458795116 1.8745490128044746 1.0
-2.5256717617848636 38.563530177265854 4.883076842634008 -1.0
7.504094038340056 15.337243867968816 29.406898977407664 1.0
1.2753295477985072 19.33776101091556 22.7151499875725 -1.0
12.616185477521338 28.876412254655094 -0.6832422423393965 1.0
15.63893506529095 21.73275894571106 24.26896029647742 -1.0
6.7130895349961515 17.271242220742778 18.274922867795897 1.0
14.830681876771763 39.13728262193436 -2.411760546767983 -1.0
10.484402558022051 18.931894511872517 1.6404109021993567 1.0
37.17615633924295 3.836797811647718 15.753752399721552 -1.0
21.793754863107136 4.24661792933789 28.779935562929133 1.0
19.52379239052591 7.036558167012154 27.294988522667083 -1.0
7.269666477426869 6.765633854752076 22.964047851130335 1.0
0.5857232000628285 11.802134021316158 21.516904847604167 -1.0
17.681965745258093 9.395252370989711 25.890053300362418 1.0
33.0005283943658 13.964536719829283 -0.3867290597929234 -1.0
12.238692107539114 6.345709171228238 21.431121208061683 1.0
14.205729509853258 19.134931832602234 27.76249449935642 -1.0
2.770002174667302 -1.1359390395665798 13.878325691710993 1.0
18.25189026116244 34.69367104904344 38.02756067539736 -1.0
5.147897801867515 6.289733277035739 10.997438946850636 1.0
9.103294886817714 22.043787964018197 -2.391563729597305 -1.0
1.3787780035899926 12.137040429476931 44.548363029094375 1.0
2.1689542179529093 25.593085314443158 41.64119237931608 -1.0
-16.311792859202477 35.2543625250925 8.527901697008545 1.0
4.764610746295044 0.27205504451595797 13.287553120878036 -1.0
7.513284693116593 3.332037405130813 7.182207407155653 1.0
7.356609987432729 12.274678255501719 21.845104807344146 -1.0
23.70242949396951 8.678858760978104 27.699097177678595 1.0
32.49928879520977 0.08200873144107301 22.556989091235728 -1.0
9.121774511646622 5.247752103537556 -5.962556131379667 1.0
2.735860091909067 21.247988081842824 2.631894948090335 -1.0
3.639953641305751 14.274425816180933 2.6832931941414193 1.0
14.817573508314979 13.726435736870082 16.31097192332392 -1.0
-15.995716059494937 31.52116819620642 0.7032602123184861 1.0
12.08935613493178 10.412055178073723 15.825551747945791 -1.0
-11.102089128517726 2.8713927793434117 -4.708272376761336 1.0
31.02281993710354 19.89841372091626 -6.5346943466614995 -1.0
37.58566069213702 26.96094722166209 14.912936077215424 1.0
-5.00854251351624 44.881147127660554 31.264223300828483 -1.0
11.785290798835447 1.806316051683837 20.32562761783436 1.0
14.848577893479323 32.74687890869073 -3.7871966930269565 -1.0
17.91356987847482 -2.041679691107067 15.236761063482852 1.0
11.704347172116409 18.08793089161996 21.70314874434953 -1.0
12.86141597127722 7.290639596236902 9.831553927802744 1.0
12.842555292964061 29.93238962423115 19.58649727095901 -1.0
31.48824715286436 10.761025614138545 3.9820151000304036 1.0
9.776002931487037 0.16211913633355995 25.789338907668437 -1.0
14.190457669490254 14.48912286495401 12.560991757807999 1.0
-2.5850407208193964 5.685342786813878 19.266835015052962 -1.0
32.01544414770649 11.495248583117409 7.953549422997638 1.0
0.4602160835806584 14.39616223643393 -7.240943504488467 -1.0
-1.8288077948738497 20.73791508508811 14.348108082801614 1.0
12.727162621140279 1.0961509476199436 33.22906938407307 -1.0
16.838105867731848 29.244104351284584 14.64626811916583 1.0
2.6120399135023815 14.125860657635673 25.752160387417835 -1.0
3.855430824536198 5.426734504076649 3.815951715188094 1.0
5.06212327756185 7.57873202129125 3.117748770521157 -1.0
2.5688368905040626 27.00483975891132 18.490054122065537 1.0
2.994060544103816 10.666310251632511 14.596845081672585 -1.0
21.275204975611203 50.35004710110644 -2.4559795311004464 1.0
17.78318582357429 10.252418941980132 28.86424379312196 -1.0
24.37326914832788 9.726638642035141 22.89196867046776 1.0
-2.6207552223835258 12.593725021060605 23.570353575033952 -1.0
32.6141664018772 24.62985288589681 25.341276469967067 1.0
6.811970363974034 29.580242291688716 17.92913205750044 -1.0
16.33042259393262 5.677063788460139 10.926516578799998 1.0
9.261894304261924 26.68032050142627 -5.514509161048732 -1.0
12.887742826576423 24.29814030143517 9.670853638990497 1.0
-6.492085966609423 31.73704591806121 -15.171686677060231 -1.0
15.801727916609375 8.15847274330937 13.037098098681678 1.0
17.17867276658526 24.326140372038388 12.742386962636175 -1.0
16.627446568226382 18.620635446714946 31.89910980001143 1.0
-10.459477630339897 9.119939060326576 25.814722446933818 -1.0
-2.0132951373598615 17.404913051592313 2.972171047847044 1.0
17.1960034211609 24.608504015594225 31.441429531447934 -1.0
37.72247676133604 19.75296436819985 18.853995394886994 1.0
12.182955224630843 35.257331732903694 -2.587919149532045 -1.0
15.463693848444484 -6.278617159459738 24.95088076952812 1.0
-6.014730506145018 18.933595230743116 11.384256257615766 -1.0
-0.43115408530240984 37.454785533782335 3.893211801371097 1.0
19.234984114516575 1.2585934134928187 -1.926512679825489 -1.0
-5.471781775818883 13.608529305307062 21.246357202444813 1.0
26.43436116835031 22.36832806099485 -0.46914390605267187 -1.0
-3.7806178035870133 20.135212068618497 43.32480751203116 1.0
20.093639422139322 0.6680008657562557 18.6576076893211 -1.0
12.623095400268959 14.887311946220287 27.705804325447737 1.0
0.9820199339269404 8.052984389241207 23.3700378835112 -1.0
15.262731403863285 31.60653481190171 7.075690124559198 1.0
22.378979182303386 30.34013160439826 9.662141551381557 -1.0
2.593188038735781 36.45001476629058 36.03760238739275 1.0
11.8335690770245 9.405623142082861 19.707613724142234 -1.0
27.625017254543188 5.485920119348498 22.68399907760108 1.0
19.487852251420023 -9.276747669577876 41.00286309194334 -1.0
-4.7468878054394885 16.9184486952957 -14.76950020772823 1.0
1.61654508560826 -5.1390430055257355 15.532001276306154 -1.0
30.033722123295515 44.845579091828554 8.603743707314363 1.0
-24.128249494034467 10.438322819367778 29.425286897310485 -1.0
4.878501645941896 19.391130732682257 41.54481336208738 1.0
22.49911602456427 16.580968874728804 31.043339209141774 -1.0
28.403362533671995 33.20794645302774 -0.22299085823588882 1.0
-7.637124565869485 19.703425343501184 -4.116047286234679 -1.0
-9.42501367310032 -3.1142730711267106 7.21927741934277 1.0
15.332301689194807 13.06066931471502 27.136739392504698 -1.0
11.53428785308655 16.749480834711715 6.586690275327881 1.0
22.728479162572707 30.777362294087368 24.10101187643045 -1.0
-2.520723984031907 -1.2950657080289965 33.60706537160383 1.0
9.676910010831708 15.15332440129761 7.4766614692292475 -1.0
7.715537973112487 -2.7790316454113473 29.41001737756876 1.0
34.09389397472332 2.0091470186150904 5.256731404465187 -1.0
17.617649573576077 13.987735090211968 23.33298805409153 1.0
20.641297436852398 17.0715407023215 28.250367774892734 -1.0
44.55531809833313 10.094772390907698 17.6659386666256 1.0
35.033697840485196 6.402283579731416 21.661823685951077 -1.0
5.176681628544681 27.705486904848875 21.825256670809566 1.0
2.7213561208152623 3.1148668522542207 29.981115515565026 -1.0
-20.539517410077885 -20.633302751913007 41.92192613235028 1.0
-12.166340462908384 24.598640715379034 16.060921086187964 -1.0
6.022213610245027 28.10514993496301 12.966731176148162 1.0
-9.265542754574732 29.37429758176271 7.787383648295475 -1.0
19.207221704464793 8.992295060023888 9.820060270424449 1.0
16.016774220583667 5.183878616182077 42.52140632206914 -1.0
11.962047771784654 8.080449867769804 15.478112327311678 1.0
0.11546677680323955 10.902611188604848 16.479615006031008 -1.0
40.85034354107335 27.582302254703137 9.773508704897068 1.0
1.8733979896256854 -2.5040829931816866 -13.23417958189824 -1.0
19.91274597133851 -7.808669739393363 0.02634890885808417 1.0
5.457933573024126 16.763470410263096 3.380687786530575 -1.0
9.302398095716072 12.293732778341163 27.47425590986224 1.0
7.321400564391581 13.579421744777228 -10.805797100240934 -1.0
12.202519020216021 -2.776689035858592 17.410030203092948 1.0
-13.319771813058024 17.7831813326272 13.412557295037725 -1.0
-0.13978194835588553 9.05179363418111 14.443431255982167 1.0
29.214028528644455 15.704663652480708 -4.311554398895144 -1.0
10.42594367286337 10.154491154992732 17.692979160082853 1.0
-3.921483283549719 9.724135453290279 -14.829776480033434 -1.0
9.79329556751015 8.275162451550464 37.98974921668017 1.0
25.365020477057865 3.4592901344940903 -11.910888757513817 -1.0
6.701148500336638 19.647652416299735 12.189071834924047 1.0
20.28027326081161 21.591709723441774 15.769232061469326 -1.0
21.63139994711054 4.937697115447465 -9.533226061062198 1.0
20.301951119033895 13.979055534933288 7.8660832677834085 -1.0
4.354436434379172 24.227945225934626 -4.2003696271451965 1.0
36.869509971185515 0.25242164478036794 11.24397621486458 -1.0
-22.927164804480576 33.29097829932902 35.452877031525034 1.0
24.990870857369643 6.905253082503968 -8.95223467844183 -1.0
41.87990024414593 23.30834367670872 3.5731141836016085 1.0
-22.164916476432367 1.5390601970007518 -0.07053047486524733 -1.0
6.638647908109296 10.006022066876396 11.701242383696687 1.0
23.001271366452308 19.622428733293546 20.704417337323413 -1.0
1.929062688566388 11.262395506294617 1.0915261599254784 1.0
7.050460241694986 17.238367515749687 -1.8515493823183675 -1.0
23.181914931083895 16.00279440239403 13.799989153153591 1.0
30.415550323252226 4.615607111131297 21.553512879310112 -1.0
-3.044883771968621 25.864190731905975 18.96457192719283 1.0
-9.888688707261572 -0.49287544841866193 8.953918058710945 -1.0
10.942190656311286 28.116917678794156 10.287467686871084 1.0
-14.442299630180523 16.67196037289069 25.829273352985574 -1.0
-6.21132886981794 31.340776502825108 33.396308696015595 1.0
41.11538176354502 6.534050649882563 4.1126987760182105 -1.0
39.97613633323959 -16.848620840878446 19.103760493928426 1.0
13.209958159617292 22.45163799113188 32.59483468112134 -1.0
12.70696998926549 20.23665050809698 9.158989304543832 1.0
24.45247823271159 15.783179579639821 25.601451654108633 -1.0
31.615731855400146 8.456551487832156 26.45578285101131 1.0
5.5771654502596455 14.639121133564291 17.909235088072215 -1.0
25.767878733915232 26.25181087344241 21.846641950872364 1.0
-20.274448025706867 23.23687019462827 8.30888937870693 -1.0
5.5396216081422125 25.69416490578104 7.429389066580628 1.0
-25.072240639872707 6.711837510089816 9.666867072372842 -1.0
28.144278410275568 34.66950980671471 -3.455793032371563 1.0
2.2426744352252492 5.401944554046627 26.35252505361784 -1.0
27.56093156816401 20.66308236098448 38.12863617975272 1.0
31.952425421596814 15.964559052306393 7.630759922180765 -1.0
9.915514179748762 6.0481306750409525 31.45569012089878 1.0
24.749711301351855 11.973639517468602 26.808408523026838 -1.0
-0.500015526109614 -6.8089126587190165 10.519277479276269 1.0
32.802866509032526 18.711300010456956 14.654719831416486 -1.0
7.264493474098477 7.144041484409993 -9.384523856179342 1.0
9.679815714859922 20.28645092437756 -0.10357030499028497 -1.0
7.5962583046186705 12.893359354805064 17.399741365091998 1.0
17.226774625660273 11.835150092271231 35.09409422666563 -1.0
6.9910475985263565 16.78687657396967 26.143057466528695 1.0
-11.778106870304482 47.24727559954091 19.290714375047834 -1.0
33.45105405558302 21.240719639234932 18.67532240481476 1.0
22.95361058948229 2.495182679561539 16.442713327592084 -1.0
-8.859397594157016 26.055508530442694 -3.1377032980791917 1.0
-0.07311846165645619 19.588851307276826 26.02239059601856 -1.0
20.447289553685764 19.841926920152087 -4.161446088591507 1.0
8.28046125741716 10.319885266976467 18.57693222564634 -1.0
-2.9596795088062073 10.837835359049597 32.52281056287806 1.0
4.100475629587569 26.507695608863333 9.219330119670897 -1.0
17.859669674871817 28.42895130505569 17.827921971503002 1.0
24.749300078459118 19.90501606827132 5.080650686189861 -1.0
29.591367867707795 23.4412999964727 10.57062309394481 1.0
-7.478799024920622 14.266104437268268 20.72190295454231 -1.0
10.073954460896953 0.5793821372442948 6.483276702248872 1.0
29.720503591174882 -12.802920722240847 9.020722870464462 -1.0
10.328996753996645 13.6040498729314 -5.627437423194124 1.0
16.35361932929276 -4.476217510482918 4.60791227459857 -1.0
25.446049473398773 13.269322027067165 23.44876074033442 1.0
16.25502491156592 15.976715052912168 38.931845902065504 -1.0
16.444179668557872 -7.016336151999408 2.524896460566911 1.0
4.008111359751393 19.252025149529217 31.299452340133264 -1.0
-17.675084383909173 39.22300552677668 32.01822379177516 1.0
32.55604586092944 4.879443858695617 14.582402970443674 -1.0
16.50190752253836 27.788306360197964 25.121599826012424 1.0
20.769492527710494 25.15375011593645 35.91123410459571 -1.0
16.502157053564723 31.005314096662055 -2.824831218833779 1.0
34.78546057210524 -1.3671685314627382 8.161658350250871 -1.0
26.64893002935673 4.8589951358799475 11.785635654764974 1.0
-8.323773294361295 23.6667856113202 -4.060410647789912 -1.0
24.032805073644845 3.0510126405166247 8.220797788568666 1.0
37.62568568136989 6.152721675100987 26.081203942441622 -1.0
13.524136099026663 22.753014589944254 25.60253559725823 1.0
11.284816533651465 3.558873514339171 22.273716533461815 -1.0
27.281046946993747 25.965924763442214 30.350876520861686 1.0
21.52005107913719 19.465053751206906 -0.7611882133258234 -1.0
15.258900281005626 10.099485236344105 3.9443048226562314 1.0
-9.097969576523237 20.59053170625277 8.65387300773436 -1.0
19.829762888109986 -6.641988396202201 14.95412146830678 1.0
0.3172744355250906 24.837766546528286 6.869310899644605 -1.0
19.86913781512183 0.5231813582607486 27.16486865002044 1.0
26.962565935068906 13.66279052342099 30.543519075256743 -1.0
-0.053766699062155254 24.004905658560048 16.84672596389161 1.0
2.7902379661072008 8.955275673386978 19.5791074005768 -1.0
24.606335974950774 24.301156904798855 25.655214399896924 1.0
-5.914164683857461 12.831192229913546 13.34383634041599 -1.0
27.27086627489881 3.051565342022026 1.7949214242712865 1.0
27.474308535693858 17.020928877520817 33.629097841984574 -1.0
0.3234544070144873 -7.49500416813591 -5.319927268768151 1.0
5.669254850989459 3.5948413969278614 28.94316165888381 -1.0
8.031816239531153 17.23508681342493 8.657768433689197 1.0
2.1030857892660353 6.289289870723132 30.775695022041422 -1.0
21.540791401730953 22.692221756506207 28.030350220225493 1.0
12.070611735834753 -5.068255719647226 16.289069923414687 -1.0
21.395821160759002 11.075273872289067 -1.1250723779012368 1.0
3.918139964781781 7.122337120833064 16.33390128457266 -1.0
-6.887535743022642 26.135045342391155 36.97550105967842 1.0
13.852566347742462 26.463772279188873 -5.712440014112289 -1.0
-10.462817641743674 25.03372198371602 17.894092384138897 1.0
-13.914055655911246 10.200897742730348 7.664353840462716 -1.0
-4.321557493826521 21.95837854738478 49.97272660398424 1.0
-8.219416976520815 26.595396670116372 16.111733536154563 -1.0
26.34163945551938 16.461306153340683 5.414145739240624 1.0
9.77091091285037 29.137325059780796 8.623367921016277 -1.0
4.852996942196423 29.46750272680618 0.45642336049589327 1.0
7.93007485528258 22.18266855539499 11.583740939792376 -1.0
-5.162354643926776 1.7090305350815271 15.05031543753319 1.0
-8.332307511626972 28.700001276020544 -4.5597697927812675 -1.0
-3.5273627565831447 8.44021138030952 -7.5058838882932974 1.0
4.313199649266343 22.588537233298986 -2.011025801885218 -1.0
20.119326452696164 19.736234853268154 29.143715936418307 1.0
27.45041047383803 18.03739987904647 18.420047030691276 -1.0
17.60414170867523 6.815813414883808 15.606775801292619 1.0
