512
25.557108333705028
24.96297071123854 24.65258429194943 4.079742991650879 -1.0
9.925366579022299 34.50326842788138 0.6176266574936095 1.0
14.539930532099845 -11.911702390919467 23.282830150896068 -1.0
6.934977706741088 12.881330449823404 26.86790112667818 1.0
-6.185160690071925 21.04671230849659 9.390561130355712 -1.0
18.34923438136241 19.7203104980992 3.6227155278651564 1.0
28.639254646898053 11.707085882185371 -21.301009343944074 -1.0
-14.534898723310773 3.6991151780321663 1.7508036420047342 1.0
46.621984850689344 30.471150235707128 11.550843117995841 -1.0
-20.63918985591187 35.22610652247764 22.834351304945297 1.0
-1.7797750704364397 -17.13246454531065 -2.44145617351667 -1.0
-18.332769016347903 -12.830087337056359 -11.944477404266141 1.0
20.941969448191127 14.864049701120662 13.574646287203093 -1.0
14.111064579695674 -15.418477187569854 9.670216675974178 1.0
-14.498567648405514 24.862292790890603 20.297742942953388 -1.0
-0.05766909391562791 16.75763240961046 32.675729130715055 1.0
26.538335599074344 9.960311855657217 41.69955157498306 -1.0
1.26898879854648 5.545904666971704 4.495311498838497 1.0
25.755066008167343 26.622425469197335 41.975266623608064 -1.0
-0.12448017006576961 20.390015461919365 6.327752741286266 1.0
-10.229448147835962 15.120240380098368 1.3107708385418841 -1.0
1.199544637583211 6.688685596019038 42.39058759785539 1.0
12.576458842129632 28.647199303315194 -4.245422734818256 -1.0
19.86376044439751 18.90494146424751 -14.403178112463314 1.0
23.3958851641522 19.78724604759111 19.350040484765263 -1.0
0.42322609637501 13.986738150979587 27.229758177800935 1.0
20.37400190331013 -17.00521858795223 10.925069258046154 -1.0
-4.410622333973908 -9.998753849555314 2.8088314822065548 1.0
-10.910952132349253 1.4760104928301951 32.50236983032475 -1.0
20.616700899778042 4.011540496115535 -11.713158193555437 1.0
25.89458617805397 -6.6680009449762 -4.081338783016829 -1.0
-0.8448539525100855 23.419046364210132 38.24273820444289 1.0
-6.177510863091207 36.378944336013426 7.297735020126963 -1.0
19.732911752435616 37.545978580632145 23.945563993706067 1.0
-9.349229730663815 13.938557812970757 19.371087508893268 -1.0
13.499449775019373 -4.189237431823418 9.460910072532227 1.0
7.888455695494195 1.6619616038675973 13.983512408831354 -1.0
15.452978555770452 -1.1639188892425736 7.156463706274612 1.0
26.06329481964576 30.587819870942226 -28.482402254474042 -1.0
-8.835110207586428 17.739621156653975 35.02655559761366 1.0
31.334469780014025 7.343208840628895 8.799125176098933 -1.0
-4.4294428062247135 -5.2158057246313305 19.262040454991233 1.0
33.56290806349563 14.124332747604273 18.193984310042612 -1.0
-4.384144812065916 27.857849294263254 17.760301652430684 1.0
-3.3582518527082676 22.912159410832412 46.59516181869816 -1.0
4.271801173550813 11.916191172562481 9.715275412360135 1.0
-5.763594419974549 21.84447696948189 5.1362773208575865 -1.0
7.632273145045517 -6.401947397568321 9.912220107948684 1.0
8.333718402590437 4.118579836436668 5.824953162346922 -1.0
23.808441381688432 22.635813122503627 22.960694642320263 1.0
19.36852797472682 14.209088610316693 22.52170917645733 -1.0
39.376020149504335 38.95222509236826 19.983045729523397 1.0
5.649507389321842 22.094322282900897 -14.596426544948162 -1.0
17.017079726691094 4.772462990804222 12.6745285940109 1.0
35.4528509214609 17.176532886482317 16.95262023606475 -1.0
23.58859924639414 13.36928033607916 4.66678941958968 1.0
18.140616263848667 23.988735858596797 -2.0352470543782104 -1.0
0.4398222881803591 39.08962161511738 9.050033027836095 1.0
24.09805787844208 8.311823788704643 12.975792726670658 -1.0
9.234523881062845 16.862668539966485 19.73349273295797 1.0
20.32569806280268 25.71518928649251 -15.464549263242072 -1.0
-2.992655425776018 -1.307940033762904 5.42083046580868 1.0
0.7632607169766948 1.2231524326015917 -3.317989241613599 -1.0
0.3450515714787103 26.79489692543278 10.558470128486116 1.0
-5.930659192664137 18.062790494840467 -5.985792892604433 -1.0
-13.808635287529267 19.719136868450324 20.783284423198033 1.0
15.635822691781113 5.44785959386949 20.589581921825758 -1.0
5.39922036354131 24.54532201286087 23.103213974048447 1.0
9.38297533507446 20.509425381763645 14.806467458518183 -1.0
36.67234483194774 9.669805830518689 -28.442113223188816 1.0
10.398409847302899 40.07222325931423 33.79860981933026 -1.0
-4.616675155466449 34.56038799593797 64.17707681671287 1.0
-8.25196397288697 -0.6242630384512218 8.829834058939136 -1.0
0.3188305527934816 34.79501953448413 8.174183606262364 1.0
32.977404348692616 26.39305614530952 -7.780263264680023 -1.0
1.1690516372292696 -0.7840860616209078 -1.550388567757576 1.0
11.499119790877028 34.90765228656319 28.594859321936198 -1.0
15.316748811607331 24.218328257977902 27.191348210100625 1.0
26.535091302931885 32.261207392591274 26.437930561469773 -1.0
2.254782922385326 5.955529752277294 20.515288194670124 1.0
3.2320215684609535 14.282959268173634 8.687929331312123 -1.0
-3.0254557155771202 4.498075435410039 28.471995843995717 1.0
-17.65105581497314 -0.09062058985722743 -3.8218047413244243 -1.0
11.52231499704126 -1.1176968217204362 11.38274826298368 1.0
17.32495681461485 38.96354541062116 5.237170924078004 -1.0
16.735575674237026 23.338145958644187 -3.7755646249409622 1.0
23.351862506541828 9.248922348479118 7.640545057053914 -1.0
-0.7403287665979121 13.723314066614183 21.149692737776704 1.0
5.261551423625752 -9.325974035124773 -3.3419068971847175 -1.0
-5.267977948868577 9.00428245170733 20.56517166408632 1.0
-1.0131711002365265 1.1282240642062484 33.434455697410954 -1.0
17.85161156091639 9.14265180174778 5.719918362605958 1.0
21.236356318961747 29.61761040486382 24.20790710039178 -1.0
3.6601024175593273 41.442510551269265 27.52737312153384 1.0
34.810821357476286 7.1207780509194585 15.024473889895928 -1.0
-0.8947829337319568 27.283290678009156 4.1348497298290035 1.0
7.669624828961056 -4.267622542882105 7.3624272020358745 -1.0
31.234751443187655 -11.571862802106978 -8.287175657117626 1.0
21.759183851257813 -1.9601935185136483 1.7152282397326863 -1.0
6.003322151062055 -1.437845616931643 27.97825876283374 1.0
34.67242246948231 27.500070112878934 2.390600241049897 -1.0
0.03838289296205416 -5.21768116538308 11.855778129062433 1.0
27.058674152051367 -6.330773121840597 7.793925974696052 -1.0
35.51857274048754 27.0404848175795 -4.03373758101764 1.0
14.667956685146589 17.041275534189214 8.265439089577162 -1.0
30.07626145533375 25.80220482582002 6.612314783729174 1.0
16.875834226244084 20.632761947912037 41.132534040444895 -1.0
3.749512007307963 9.851115749816849 19.314796274372746 1.0
-2.771956979224445 -3.1370255755960734 10.834722563658882 -1.0
9.124578679075762 22.890568632517237 -3.5784507697723775 1.0
17.668947620447046 28.12068440325904 11.570557843092391 -1.0
-3.955135619267537 -1.24158840280435 -7.004219664496379 1.0
15.70791532803193 -4.35766621483161 7.626382957037879 -1.0
-5.190484357406806 16.80567667808241 6.954104157791246 1.0
22.536551468415542 0.7373968848352351 19.043553049055475 -1.0
-5.862024383555934 12.792514706053888 -20.04081645496563 1.0
13.004532122291534 45.976941208527705 18.36709135379457 -1.0
9.598392329465005 15.913989955607512 25.493361130222688 1.0
19.565517401553773 13.971883903104969 26.066588650084878 -1.0
-2.4520667060888925 -8.42659019617939 9.78680871096033 1.0
6.812367183625756 9.973512662114402 20.739668414877578 -1.0
6.840027278053877 4.913776635994495 8.59104538268263 1.0
-7.686184000318018 16.67631290746698 17.38199906653778 -1.0
22.150521686602605 10.97827596111016 18.00805749660388 1.0
2.662150922901575 11.074504153914576 38.74572435243457 -1.0
7.921729179962993 17.692227411202065 15.196920389184776 1.0
13.498817744993136 36.444010625686694 7.253263929896568 -1.0
6.767969398958887 -1.9102260328422354 34.50599340355746 1.0
18.21423067705086 2.725247447538782 -3.5829509027228603 -1.0
22.61116773684025 27.51132969909816 11.358010652945842 1.0
-4.25176907282356 31.88752396466235 14.97427277134525 -1.0
19.296674671732408 14.510788260051314 11.353319957718 1.0
-14.21072549175363 12.124248067128153 22.021117677253063 -1.0
6.3564955793652524 7.701638591097806 11.077140776674918 1.0
-19.837696263247892 15.816501536947836 14.89855817743711 -1.0
17.695458699104996 19.400737245606262 17.964941937352787 1.0
17.535059663521825 6.739902712969793 11.008707604028036 -1.0
12.172722902608834 17.130913907676547 -16.129953787776078 1.0
33.41358979966433 36.096222095398446 0.14678994334410683 -1.0
0.7050151646402356 12.258238101018538 17.06154812305667 1.0
27.588433756255743 14.16663152336658 40.94347807892761 -1.0
29.293517656000162 36.32439143153068 15.769261926601722 1.0
0.5155778228800929 23.485327520575687 21.61046475002112 -1.0
33.77205579383559 11.44860239254965 -3.237287781910357 1.0
40.29123231324754 5.451270265645082 -20.271996981754683 -1.0
11.365849922522738 14.740233014500589 21.648439792215818 1.0
28.27815027212642 10.614453954701933 8.39183286520833 -1.0
20.124544636170832 -2.9697977679832555 24.066829774120755 1.0
-9.375318524064124 32.80386343377831 2.351443451935047 -1.0
28.43676205962606 36.65473112059484 1.8431600587652461 1.0
-2.4460693314718256 44.34248367258592 -18.046971956806903 -1.0
-4.976268516293253 19.184251208007833 0.08617358591121596 1.0
0.19739587105523557 5.373705122312322 18.979508057937238 -1.0
18.933805747447117 8.183109974635826 9.054774534869214 1.0
26.420320652759518 11.749877345782181 22.92153447330346 -1.0
12.508654353410588 8.863984324141814 19.852557820657708 1.0
-3.3750617530250224 11.587898130074304 -3.1867967556779533 -1.0
14.627154456054129 41.07941224471855 4.375999023591929 1.0
1.9479113817386142 3.572508622244358 9.848077964164156 -1.0
13.411181056262384 27.5255612031973 -1.3059944630794824 1.0
1.3457346827550578 17.063839269654068 18.090020527460695 -1.0
45.517168966130114 23.371243695838864 10.84922427793117 1.0
10.72615567533859 38.69192020160324 0.6595143552289048 -1.0
-0.4427591648443219 9.55722554867994 21.238264756936523 1.0
-2.6185769921586903 -9.595560186882754 20.80679229054622 -1.0
12.406734281967397 5.701094150755894 36.66269790955526 1.0
32.59005900131915 1.0700030049553564 6.576180020215315 -1.0
6.909111516504977 39.79421672248937 21.185397107592177 1.0
0.8583794803339246 15.47433004159259 -3.940994150705773 -1.0
-2.1608915638980903 1.1593210675339556 14.599698923986361 1.0
17.71699039631402 28.611727480333233 28.875098372117897 -1.0
31.785616924991928 16.35714824240112 12.469723487134367 1.0
9.784271858318576 10.634894517892276 10.726163118864172 -1.0
6.011080054526181 3.5358392782972357 -3.03572383128569 1.0
-15.659735389253287 36.88772798559058 6.507339634450266 -1.0
36.002629888562126 39.93117232519647 -8.705606271700962 1.0
7.7046205538820915 23.98271710508698 25.777265859365627 -1.0
16.21117025152736 20.632085133227747 38.42631071769773 1.0
2.0037023166391017 32.652514557763666 31.515044459850373 -1.0
-10.0293986826347 28.63023579767026 27.27594461524616 1.0
-10.125810251994752 0.9933741758690493 0.059186714371914695 -1.0
4.10948190643882 19.130435771741933 17.88635131980233 1.0
18.69987629240125 9.550357992433083 -22.316313762858478 -1.0
3.0867924285425206 15.369813153018262 -5.898522659875283 1.0
9.671072095963874 5.800243945970128 10.864609028415536 -1.0
-8.99403480000787 19.145886641174453 22.253171827192848 1.0
3.5988791985353603 8.1078986135912 17.03550023987537 -1.0
28.630769814648335 23.26135311587913 11.55479061063818 1.0
4.2783288485473 0.7359462070570979 29.15553947786402 -1.0
12.55397241519952 28.39673127866361 41.13453415323886 1.0
17.3747778519174 14.277582530327642 9.929387291669647 -1.0
12.43958093304001 -14.581285035912334 -9.258119807526835 1.0
1.0011598227440044 -2.60176629686935 39.30161767670126 -1.0
2.8483989565860814 18.12173039954875 -3.297007619826175 1.0
10.490478815885764 6.401758017707547 25.639596998581787 -1.0
28.731079955972653 -20.246666736385226 8.010744488503983 1.0
30.936295789898246 -21.273166871790753 11.097618298747793 -1.0
25.924107549514197 9.983221334803691 -11.791816305435141 1.0
20.49976330550943 16.78931267382013 9.555090155254438 -1.0
21.749802585273407 -15.548138522311682 9.48649414456667 1.0
14.844390385292442 11.151928936963659 11.835406558552924 -1.0
15.025873083060171 13.905040615530796 12.248789317146285 1.0
21.060142404978322 52.71322906378557 13.8508844852856 -1.0
21.181724169067245 33.52957261187499 27.70756797799777 1.0
26.97655220111489 5.361546103242793 40.62454855377527 -1.0
7.353419569092843 43.08761373082675 2.2942286816818624 1.0
-1.6963875526091599 0.055019984204368905 12.107710665824161 -1.0
13.276043951220778 0.015024146928478643 -7.589325045442504 1.0
-6.828159929236794 7.144905313527381 18.280268579274143 -1.0
19.837240053743155 27.2966805746239 28.67415744114537 1.0
34.968719561319816 -2.2392902636778267 10.953697332669568 -1.0
42.95212496087734 14.308015677665242 24.549704661876998 1.0
7.210565698799029 6.497601475427489 1.9831435655900673 -1.0
19.017554707593934 12.760282815515232 15.698193836183323 1.0
13.116460832456122 18.95363394419335 -10.646542085461164 -1.0
1.4842329849590006 24.801349601930916 16.238882443839824 1.0
32.65202421469671 35.29966308080944 12.864890632066013 -1.0
-2.61016061202627 14.06395909157293 15.325452109003061 1.0
-4.701799880941024 18.203580634785133 28.507623602159697 -1.0
-1.9609462233344601 31.478463857867066 13.683900675769891 1.0
-7.297003879358794 22.827607069463394 13.557158261503657 -1.0
28.004242291126495 16.835805879912897 35.76194525821556 1.0
12.421678660827407 48.61693531014984 33.39507115137098 -1.0
18.212280905262656 15.967489791777988 20.10469188710236 1.0
38.73815154024894 33.14170788797917 9.336771850726429 -1.0
14.532921661091898 18.760254315486137 27.00665842505197 1.0
-6.696796492992963 35.90289464694563 14.57897610419067 -1.0
-18.02384590283961 -0.6854005411023536 12.63477929417319 1.0
12.173007128628583 -10.703772907071478 30.1763343314987 -1.0
26.479410270618313 31.12574474828403 36.69692713080788 1.0
23.216551712998697 33.50238813197089 4.1430856133476865 -1.0
16.389442521160714 27.302142248117715 -16.385076920738733 1.0
20.98076565354001 26.363231544720804 5.390898934550534 -1.0
35.96165468528925 35.73145679074553 13.26024730036291 1.0
28.377037282311996 13.970458260547813 26.220300727867933 -1.0
16.744789829916424 5.205516238754767 18.052535851116936 1.0
21.355679464695683 12.166091804168808 3.4132794200566114 -1.0
9.46308126956804 5.22743592146694 -28.419252646433318 1.0
-21.936813872361785 16.634008357191977 12.358389702704148 -1.0
-4.125277703451186 13.813853281861359 20.82102755228 1.0
36.33643224643947 10.01580095349903 18.693955734476358 -1.0
-1.698034020437241 -1.1555107867270067 9.628086545413822 1.0
31.84783482702275 12.319757962500054 7.40531863782466 -1.0
8.780170533546208 2.048632535482503 11.47979097193485 1.0
14.364803994473489 -4.197804657977695 2.0835259470858825 -1.0
13.810920097869033 16.627275158029533 24.27723388517518 1.0
11.739229312027458 14.180244092290648 19.147276769879728 -1.0
32.728806802120715 21.4948491806466 13.208374247184349 1.0
-10.780669251814363 34.904187671842465 21.051626170433128 -1.0
1.4547296523129691 28.46196344411301 14.867586944220577 1.0
-28.71830898797738 37.24326288721302 15.115113324785076 -1.0
23.47431493012046 6.352226124826439 -5.394291776844767 1.0
30.295969247890753 3.5549291690088927 16.59993119732755 -1.0
17.045284832942194 23.3952439102073 -9.878405499940214 1.0
23.28770010078698 -11.807033109255563 -0.17459553930223137 -1.0
-13.523181460375097 0.7544639393330884 29.63477040562803 1.0
46.868825591510756 -20.78778071585942 7.757492098185477 -1.0
-12.399868550484353 33.0315212434336 0.8246785133170998 1.0
-8.578736255136686 35.0562438434406 8.930522738192368 -1.0
-0.6599431599035306 28.330581651138274 24.948410366165586 1.0
-5.4904639312029495 18.42984998465544 13.89893118332685 -1.0
8.821628326394608 28.045882838872544 7.815058400905464 1.0
17.247890072346383 20.596403419534195 20.198444976536706 -1.0
-2.7735580734328096 12.91680865485131 11.1705178393696 1.0
12.954180297536038 35.66477200427708 -0.8865706703585374 -1.0
6.6203128020627595 17.062788631408544 -1.2241068509380497 1.0
44.46823939632603 3.4264434807301685 16.606113079456172 -1.0
29.038328812715555 5.879186473252458 27.119249332907952 1.0
21.431241519047415 4.322252053173647 19.354994027570775 -1.0
-9.551374581769394 2.9609778981578354 20.68667092099377 1.0
-0.49349575283979163 10.825296516046837 26.95842448826107 -1.0
12.793655886302208 12.680474467497346 24.77680710327633 1.0
26.83470420386787 16.61685288546352 -0.2731488983374071 -1.0
6.051807037208005 8.689482215071946 27.026615700526996 1.0
6.981123046147257 18.957525555493234 38.12744219201467 -1.0
5.762516942684237 0.6083131191225093 14.934060315094749 1.0
12.701042886461673 34.54526951760842 40.73838869055368 -1.0
17.07168169001812 1.6651244847414217 16.816082583372403 1.0
4.908208487043482 18.158803640880976 0.7535617909518776 -1.0
15.908931496697265 9.450936060006644 40.61028952701179 1.0
-0.4376544171729435 19.022652365233846 39.54085842393655 -1.0
-15.556657673440414 33.231084518570455 9.303420980383182 1.0
3.834524995304555 -5.499759499230947 15.561485428095367 -1.0
8.881991750576084 -0.5555810138991717 19.184385459148274 1.0
4.609154981849715 16.62463524982644 18.007817058653 -1.0
8.280930529502175 0.7521602885364794 25.536846128422287 1.0
29.89979411825415 4.4284333252957175 20.687426655429498 -1.0
13.67516060525292 5.556466966469116 -3.127772490081284 1.0
8.061186564967668 23.46071630519494 4.162876341208682 -1.0
-1.8259325001531117 11.603697969144235 -1.2889830784462148 1.0
23.071303817499512 8.880077884991739 19.581422051819438 -1.0
-18.704140972929984 30.06288654807499 0.03640302261209882 1.0
22.351576254511112 17.44490635767849 24.591661932925703 -1.0
-20.860398533947837 6.0641868445276454 -8.80005979808632 1.0
32.09036212176293 17.471033869164334 -17.075250492597633 -1.0
43.064058635726795 35.783904110518364 11.557270009389775 1.0
-0.7528296084972155 40.68550071662986 28.903640816106744 -1.0
6.8623112026050075 -4.246269378072533 20.333345499900602 1.0
3.6940334471982634 38.008388703699715 -7.003353248187224 -1.0
10.318352556815816 -3.494918494259988 8.028399462322254 1.0
11.594973219666269 25.71818465992443 24.296031641379855 -1.0
15.549361605075918 -0.8127467565523503 11.906124542168344 1.0
4.929651948621522 27.006818447761344 22.37459537618802 -1.0
33.30852866873743 -4.368110995729992 -0.47968595506285183 1.0
6.806226949592231 -3.927828936132425 22.794846039865018 -1.0
18.35622051568516 21.215519810498417 7.1298321499731925 1.0
-7.630249603750272 9.828280594957054 20.24967232675588 -1.0
27.26086799055707 9.697161703153336 11.014056425147638 1.0
-1.4978866517575042 12.333392171148308 -6.657609052551269 -1.0
1.585063279368844 23.872457285669483 3.07492516806912 1.0
24.657641005976718 3.4851289080375785 38.104728237682494 -1.0
15.660685473213707 28.354940408595105 5.289353215617277 1.0
8.778161091576537 18.700846959449972 26.21170102501854 -1.0
-1.8803237268517172 6.782145731580116 6.783789858833197 1.0
10.454149431928839 0.8903999211643188 10.048192093509634 -1.0
4.2387721321606895 19.007712162255334 12.825963518674744 1.0
10.985567891023159 7.232973106205712 6.795349296875072 -1.0
29.825662720963255 45.53691653147896 2.0335422354352204 1.0
20.54266424674667 9.372348172209978 25.50275080789007 -1.0
28.99122972090168 13.607445413234892 30.948805260926484 1.0
-8.222368327801469 11.175777432926655 25.180012412872575 -1.0
24.362858592067198 17.42023679015598 19.625282846958513 1.0
3.254663511600431 25.314755475197664 17.950742562808188 -1.0
8.673451870205033 1.076174581344139 4.517549423386906 1.0
8.954527755170137 15.789760307665269 -12.504353177463809 -1.0
11.211368061947255 20.474566100409138 12.562780928330637 1.0
-2.8080811820510156 31.871833851331402 -24.569929792332236 -1.0
19.29520499017203 3.729492636254213 9.968117893182226 1.0
10.526065114921693 26.934140821540133 6.057940627557964 -1.0
10.503056702228145 13.854463264197193 37.98668701380566 1.0
-19.930403613393885 12.076035092076232 22.630324235492594 -1.0
-8.172334659901487 13.096798965300747 2.331470117479705 1.0
6.344741825647951 19.695074588906124 29.369834399368408 -1.0
35.914977831641906 24.12554803220478 26.435184990427086 1.0
8.466228954864842 28.631204313339765 -1.634879454938197 -1.0
21.8583581501049 -5.421605112448592 30.38149787637017 1.0
6.771526033679372 11.308777528112719 16.00147038849479 -1.0
-6.109916558644226 29.88693635028525 6.491636768401855 1.0
11.47831715004224 -6.231477805364143 5.270889684476733 -1.0
-3.902450779015947 14.98339185517452 24.103260899049047 1.0
30.10609023824875 23.40906376865012 7.117373175099284 -1.0
-6.686044751795844 7.274421251022251 41.16725147047135 1.0
12.654681094390787 6.325671445400239 18.048022886286113 -1.0
13.139604765562243 21.817476526194014 30.01403714676583 1.0
-10.473152870570305 -0.38980310397596796 21.784495111235962 -1.0
-0.4008396343033347 33.89003245413427 2.267178713199368 1.0
13.72387414158018 25.31245524010625 10.378947184531476 -1.0
8.869551986171833 37.43069513712625 34.28900447575684 1.0
13.257929024469748 15.520500020038323 16.80380578260655 -1.0
23.33314703557903 -0.32592672311869464 21.09046027171201 1.0
16.77783347344698 -10.816245977696601 39.922614933758936 -1.0
-13.955985737575089 16.80510744353055 -11.360332707421298 1.0
-3.615573740475728 -4.619094871736316 23.915452904039014 -1.0
21.939361545310348 46.04575097726419 9.138252961681568 1.0
-21.872298988193755 9.072722388351798 25.685671253749916 -1.0
2.6625159724580323 13.6186515618489 49.05268361413425 1.0
25.40022263546042 15.76637596297829 35.785874792801906 -1.0
16.91166123115521 33.21861045327575 -4.660165340179216 1.0
-16.612315599212902 15.404197346688981 -2.704689253670331 -1.0
-8.68905872710323 -4.227068956268006 0.36886349121420636 1.0
7.25756817579136 15.440294854445815 26.249904734421595 -1.0
12.34695132329373 13.045751335092795 6.595546538215376 1.0
20.093759003623656 31.142753198421524 29.110977357451226 -1.0
-13.35767830463472 0.4876227396407057 33.727439107860405 1.0
4.20106301255419 15.899069373719046 5.002123666510491 -1.0
12.014000302518104 -5.331259838758637 24.93382811564383 1.0
33.586424277993885 -12.3496103266337 3.6634889886864768 -1.0
21.6193684388651 5.656455790742816 17.081835844198643 1.0
19.05404980139654 21.169716605071606 26.96997120268096 -1.0
37.031339097332506 5.98369438776301 15.779327797770375 1.0
35.94315520298112 21.92594149513468 24.037408728416185 -1.0
1.5995667993933098 21.12307566965995 15.436231123563175 1.0
-2.9595072405881773 3.549121262130675 41.70946814110197 -1.0
-34.71726900515604 -14.269488248702059 44.72431923695645 1.0
-16.52948673210296 19.77034877328867 19.93470113064557 -1.0
5.647975650164165 22.87951361113163 17.042916760890893 1.0
-7.833739419604537 27.91490086646212 7.242028508922947 -1.0
17.268788267279675 5.843191758844164 4.527894209876162 1.0
14.944829911351846 -2.2400644692722196 42.982325136946024 -1.0
11.783315666685128 4.280108853339396 18.926182327308453 1.0
-5.560222431580446 6.883611442492708 21.86973073208451 -1.0
53.23992820293318 23.643079747413957 19.897908708840703 1.0
-3.3369228834590565 -6.504578372855185 -14.054016209527603 -1.0
21.355564902612784 -7.749195634665899 -3.9482610293449305 1.0
4.003677886829692 22.462964665730965 2.8949638885877764 -1.0
11.540838998758813 9.532522481986367 31.74443546392765 1.0
7.117393920940101 7.119635485848942 -7.142237441977379 -1.0
9.860012592945978 -4.613033897689451 17.305491926687225 1.0
-6.929333370085143 25.536188628771562 17.858773803634104 -1.0
-3.8106454757493324 9.833114593023918 5.540449030459761 1.0
28.94815027726294 8.358733517264048 -3.8262944662647023 -1.0
17.41661104600009 12.135595888978346 8.18006551880235 1.0
-1.3099785830303894 5.813764665727317 -16.426371849016 -1.0
7.987212167833403 6.2534419356641795 29.875654331068436 1.0
17.175504382477012 18.502673364461085 -13.657905273825952 -1.0
3.32011102903603 13.944376328271288 13.251633409484947 1.0
11.93740879390808 25.796299547734105 15.21526576875172 -1.0
22.452892844092133 6.560037277237325 -14.79331509114008 1.0
21.154553981421735 14.95247910697343 5.336517668997175 -1.0
-1.170308295511525 28.647805402928174 -7.533767281654683 1.0
39.60760590233004 2.7559387076835193 17.641779633448383 -1.0
-15.899236288339422 33.36865345418461 43.8182195443327 1.0
16.83496583205696 6.048374900997602 -10.71385753840126 -1.0
45.26419564895174 23.59312219520185 3.0089623640864747 1.0
-20.875649877664163 -4.351767358716522 -6.386730710431994 -1.0
5.694769922339813 2.778638368895906 4.983425481519415 1.0
19.06189595492436 18.065898416354315 23.224275471091786 -1.0
3.486823849582866 1.3074997011026321 0.8170802277987157 1.0
14.071853249114037 20.936582279423092 -3.607824617126017 -1.0
32.03820095091623 7.05172086978576 20.835862959220375 1.0
40.4445281521523 11.624401765238336 16.890143759498017 -1.0
-12.521845877641386 24.06201545991503 22.803290347227154 1.0
-8.87802512739697 -1.7195696729399188 3.6928916658840616 -1.0
8.782906096335282 31.00633191970649 13.379067816107657 1.0
-13.3493622117836 17.362751241301403 21.934426474782022 -1.0
-13.506533170029535 31.25043764040921 30.481503754219176 1.0
38.994879355334575 4.3000538467702665 -0.4365451390668369 -1.0
44.48551403669933 -21.915088181516104 26.34131796482532 1.0
12.6123972187745 15.423876072443111 37.95148825731063 -1.0
-2.3367353725202378 21.295749752811446 1.9746819793942092 1.0
22.786561755552306 28.02984702578103 27.1355867780923 -1.0
30.675877450930525 1.3698774862137506 19.81483133088001 1.0
-2.469060210437082 16.36243860051343 16.68300972357826 -1.0
17.88219900636688 34.86340070626002 26.642683686803117 1.0
-20.8482242914369 28.846511174583256 7.4275693406642835 -1.0
6.183383034560028 18.12578785737464 5.88776390518654 1.0
-23.811708250762873 7.414166956367475 10.01251937286649 -1.0
41.58713535477166 40.63344708742959 -8.817803354408806 1.0
-1.0917920181186247 4.161131985929081 30.720225438374598 -1.0
24.92067652290547 17.996024934479983 41.70876136004164 1.0
29.198383078856914 24.770326379848587 -0.47062874042402214 -1.0
4.55424641817616 2.1745197162741277 36.06083830725495 1.0
17.965261588513386 6.814347686616357 32.458855782583164 -1.0
-13.203315379898612 -7.530154690388173 17.291996530507262 1.0
27.867446656182246 20.730024516255625 11.039816234705503 -1.0
7.008702949273083 8.487386163766793 -10.040758574462492 1.0
13.516485732211047 21.809793935994485 -13.2203467786561 -1.0
8.739038414288938 11.797797760856957 18.488994263230257 1.0
14.755105607159136 17.9679655412921 29.408017556204726 -1.0
-1.6452237116987547 17.41624744399109 27.22158700332292 1.0
-15.149264570307578 54.312301440618484 16.961836892688947 -1.0
28.922760998207934 16.334627553108934 15.975696846554778 1.0
28.851993726963443 1.6734067662093544 13.282953147109254 -1.0
-8.249666122637617 26.313403185093815 -2.073916214836295 1.0
6.708836510241296 8.78988105913148 30.586433194342145 -1.0
10.741144138694002 13.003412911335493 2.8571887700804877 1.0
11.898278527299224 4.568017009799298 13.459028566447893 -1.0
-10.118138540986093 7.337288777823362 33.648850949175966 1.0
6.556179927501939 25.93731342138239 10.584256114491353 -1.0
18.87279374954667 26.266986696978293 13.310881661907954 1.0
23.11614266160861 21.847094699674102 6.58372545132918 -1.0
25.21668223249306 20.938262592474018 20.2662852630483 1.0
-5.0110363509263784 11.972745269245939 10.586932964326849 -1.0
6.215648302645899 -3.2169156466640345 5.608063843148616 1.0
31.282878361791475 -19.061289014014566 14.159161781947905 -1.0
9.15311635030703 15.044797131043932 6.00948218261252 1.0
24.44940409614157 -6.086780350499524 3.7370438885149944 -1.0
27.37764457364418 7.835989772497268 24.31781183359971 1.0
18.44754601988458 18.45581103237865 31.968948243623274 -1.0
3.0373655963839936 -3.990299323680336 8.634262845501421 1.0
12.051446404771017 24.059367412125496 28.57478959695379 -1.0
-20.02607053029579 40.39353649476233 33.63565024893768 1.0
45.785640918272314 13.141908716531738 18.095947634805093 -1.0
14.90707950865596 18.477673310889863 31.87716686889585 1.0
16.608869439583902 25.584566546093505 39.64700488077234 -1.0
7.2923986747396965 29.383195568812177 -7.6352419360659205 1.0
34.086100608182605 -8.38793532355852 4.822984870617355 -1.0
30.115135759026902 9.245452639975854 6.473216264491064 1.0
-14.141987661404364 32.73573966131819 -4.0953309899726875 -1.0
24.550857665232634 6.473651165936037 -0.9790368525200392 1.0
36.81263053887635 -5.73350386566954 10.12276275007536 -1.0
13.851531347098621 20.943688037007007 16.12106177792975 1.0
8.06657822643377 -2.738204695347445 18.51723291684571 -1.0
24.53658515086432 29.10567018809765 33.26848331461949 1.0
12.144675199537588 17.870335234257418 0.4691563247345849 -1.0
-1.46844594938894 -0.2223102880974679 0.6997158334329813 1.0
0.8032247796759421 27.010441881329065 1.124920346260066 -1.0
17.57343587014428 -8.636113287147694 14.162246262039536 1.0
0.015341940713664055 23.07850875564757 0.3388277430746526 -1.0
21.330609685604994 7.472066515156232 24.098590014740395 1.0
32.210592129687306 6.106097417388052 23.169820785874485 -1.0
-5.067681796109948 17.125038360717507 16.46544919835256 1.0
8.752327513419392 4.772093848715228 20.125943154797774 -1.0
27.974350699843665 28.84614881261261 22.245602299927125 1.0
-6.334967926433958 1.3366358324892267 0.3616285596697346 -1.0
21.41167244183667 1.5949944803936156 -0.9224354476022185 1.0
31.10580996680613 13.080623311854826 37.23031808094241 -1.0
-0.8135503828116946 -8.226364181689135 -2.0038582012647765 1.0
7.003010429295747 -2.0213278639735357 40.425611510961886 -1.0
8.771650847817916 20.19835829913724 5.009975277137332 1.0
-1.212041371084581 13.755951044713697 32.70495880619922 -1.0
14.969686903771189 21.459397905333578 19.55808825653708 1.0
15.38234566368261 -5.95826120177901 24.56861005275593 -1.0
22.1019241131646 11.69261597126416 1.5263826900978295 1.0
1.3213462985007327 -3.268166337789257 17.742831129589437 -1.0
-6.088759794233255 25.81431146616022 33.150101720111586 1.0
-2.2861183658777158 25.508415414690756 -1.7283681797178083 -1.0
-15.855290691624303 26.32285236956468 15.970564898771322 1.0
-15.67575355336059 12.52014617719932 14.579076707230152 -1.0
-9.992269663235023 10.343388579886268 48.73040712386222 1.0
-5.075568018626431 21.75894789828282 17.196277603871707 -1.0
33.06443924333021 11.128137920297542 5.391766004306383 1.0
13.080636012763085 28.55677511790359 3.201989566668471 -1.0
-5.89062244314718 30.06555513185563 -4.544379791762466 1.0
0.9003829873772704 23.801719134252927 10.129825520314972 -1.0
-2.97708352028587 -7.768897616272515 13.502187142401628 1.0
-21.67748472184282 29.953988665011963 3.48286691599949 -1.0
-5.957862083297712 -4.894835321976984 -10.954135845897614 1.0
4.370904191854649 29.849974650916227 -0.27100461462741876 -1.0
10.90975276924052 17.46915398854586 29.21155668224279 1.0
25.227374637603067 11.496190148883855 10.515722707646097 -1.0
4.423936664756819 4.427129848902587 13.466028189005087 1.0
