512
25.557108333705028
23.57950824352168 26.115756122744102 6.566485445117205 -1.0
11.174841049913299 36.18462655345082 5.496303063612356 1.0
16.300116376716513 -8.558307158589859 22.97914974593474 -1.0
4.577110471364631 15.139451233598031 26.88004299227412 1.0
-6.86540610120452 24.245518779428583 5.143339907374439 -1.0
16.380835923814015 17.249732818457716 4.089082442993879 1.0
24.83157955349713 12.945640749107719 -22.14317055934646 -1.0
-13.35539973068519 4.928803130887237 5.649027295050885 1.0
43.56374022723473 29.42048363626754 13.720339248238204 -1.0
-18.484020150875065 34.248898114312254 25.674174780502206 1.0
-1.274199852522358 -20.497707585793584 -1.0886962248726348 -1.0
-20.275703398607366 -14.805771429876287 -14.017045789047943 1.0
22.35605285910656 14.368866641796647 12.090287105884212 -1.0
14.624476355631844 -15.065436652980143 10.226467540075406 1.0
-13.48145567452566 28.166962356334924 20.77090620280075 -1.0
1.4415280510725808 17.47947970882434 27.39185230964104 1.0
24.489321569168506 9.305178141366712 38.25568092316196 -1.0
-0.2133769919147106 4.96259907106817 3.501933620031743 1.0
24.91860607961733 26.953004505435636 41.274146705396255 -1.0
2.7027547561188188 17.098261652964126 8.86443302043297 1.0
-7.397487412447475 13.08052875985022 2.3596964148017396 -1.0
2.868495143960503 8.02225288249034 44.120805118217305 1.0
12.563551309437626 28.886102332520096 -1.2413567525779996 -1.0
20.03865082372533 20.951674354442545 -12.676556619275965 1.0
26.94436202570221 20.94279153745956 19.074576001755148 -1.0
4.274620430398861 18.3382426119778 24.849802897420933 1.0
20.008723168376786 -14.424678414824312 12.471717656174498 -1.0
-3.9823701211406615 -8.471947017449477 -0.15663669120078083 1.0
-11.382069119122969 1.8966214283446712 32.177255454371654 -1.0
18.754021871415553 5.770653123435617 -10.13293092697776 1.0
30.024538140539033 -2.011644568780973 -1.7150998822242194 -1.0
4.634880166075028 24.825158331037795 37.871730491541236 1.0
-8.616135057548021 36.85525249647087 10.939603999074183 -1.0
15.855429234370474 37.117684552492676 21.23532384842062 1.0
-4.930275863695403 20.883476108953634 15.468558544229845 -1.0
12.253988949130793 -5.064207091707296 14.353999160003275 1.0
10.63700989702155 1.6954821970431058 10.661390311357176 -1.0
13.624083743839051 -3.791480215079087 8.82631719190521 1.0
24.73203493265112 27.324688612305035 -25.225546746325648 -1.0
-8.302710835816338 18.294656801726568 34.6149626507108 1.0
34.937823387275174 6.6853955161600584 9.87083115655182 -1.0
-4.037491368903122 -4.857933013525681 17.974732208037413 1.0
31.68938224236445 11.479539789132936 16.90917401641858 -1.0
-4.60175070762261 24.225500744459733 16.67765430794127 1.0
-5.406838721208935 25.12081624438822 47.64150013676202 -1.0
4.119332051305594 6.874675299141641 6.330964497787802 1.0
-5.81244423090709 15.453850508860716 4.641837888477428 -1.0
7.888136138425353 -3.9790570709255277 11.22444415067767 1.0
10.958710914188249 -0.01909592885519018 4.792907461383551 -1.0
24.144210694256618 21.95526393278291 22.963416181673658 1.0
17.103109382716347 13.65883298168941 19.572952020817652 -1.0
37.24311195351312 33.36666620085886 23.662867866904367 1.0
12.41834986569647 24.21601499027821 -15.806912667157935 -1.0
19.13751267865684 6.3760057460925665 10.978127889463973 1.0
35.71585167840182 13.674365952217789 16.487814571588018 -1.0
25.74885397504381 15.221446471437135 6.111187623210423 1.0
18.591244688028475 22.55330085649703 1.596976750269845 -1.0
-0.8284366876354952 39.89223165456337 13.12443372645493 1.0
20.22358827472798 7.4431615391976935 8.72041312514119 -1.0
10.969778655879201 14.910074687709779 23.81781771003343 1.0
14.399052862243584 26.643911420544644 -13.479504630143524 -1.0
-6.13629232518587 -0.7037281322200144 7.821635689268328 1.0
5.188211130807818 3.7362679099914304 -5.70054754965825 -1.0
-1.2019786228462905 25.916687745499022 13.061540637980826 1.0
-5.393573864439418 18.546056491249793 -6.956497434103014 -1.0
-14.484787657685537 17.663624137034642 21.530409345808213 1.0
15.622219327099815 5.957901881497289 20.365755666118808 -1.0
5.164103746935597 24.879426856421027 20.94719625982008 1.0
8.404343177261403 22.668614325764057 17.532137768361974 -1.0
36.28572988495278 7.321193160799586 -24.171937604237204 1.0
10.21015903792739 42.12752559316556 32.884584641355076 -1.0
-3.3205927251083516 35.17783477342172 65.02400053119925 1.0
-2.875607782961005 2.362902111283399 10.885127926763367 -1.0
0.6916716642819467 33.603234401100686 7.439879222656368 1.0
32.15935582236656 29.73592950468941 -9.96867862710329 -1.0
1.614873498173215 -4.062086548269182 1.8918145231163441 1.0
14.227087671167775 36.56341552366656 29.8714567483762 -1.0
16.521312524235935 24.050852315116455 31.043420074773195 1.0
27.20132211218173 29.864254507949003 21.84052892031383 -1.0
-0.08111192378568077 4.787399214308793 20.039506552185756 1.0
0.30975484441409423 13.203709374678796 10.812855822302609 -1.0
-6.90179300871938 7.4249589153102455 25.57326091545089 1.0
-17.94113784609964 -0.6510568549446525 -4.282034657926172 -1.0
15.741759408008159 6.761657622988878 16.87639990748483 1.0
17.027017798899475 43.50013834529443 6.641425721392721 -1.0
18.750501259856893 25.099252880317394 -5.763371039913874 1.0
25.224364264375378 6.297856108635234 5.461264346706823 -1.0
-3.726249260635388 14.068222792119682 23.785462707139533 1.0
9.261763790758001 -2.8882372101055367 -2.183338992700474 -1.0
-4.65606932474569 10.449381965023036 17.653767001003143 1.0
0.0918125197042233 -0.15991525153856045 35.976927761727715 -1.0
18.323407230377615 13.253791761645065 5.579610600464309 1.0
21.756956148745076 30.64615976763442 16.57726510867663 -1.0
6.5628821488058415 39.99148681541013 23.390790432368654 1.0
36.52495960802985 9.926487732774447 16.240125393925375 -1.0
0.18038234604005474 25.381762826312308 7.431570646165837 1.0
11.683294106459668 -4.239158854290714 7.088431925174956 -1.0
33.22699121048398 -8.47776906382073 -4.9472035472818625 1.0
20.92415474365089 0.5161366601991811 1.4792682634298053 -1.0
-0.4544715172417746 -6.3864626103551565 31.700795477767702 1.0
33.02171346569067 28.03291699769664 2.0383909182627566 -1.0
-3.607121418540217 -6.923531915626441 9.55640681274376 1.0
25.104819018299253 -3.049394400542841 7.834310621376931 -1.0
33.850781446874116 30.17812029393242 -0.08538340765466046 1.0
12.213522927719119 13.819489221443284 6.6547809967680145 -1.0
33.84453809703102 26.822310151080014 5.567901179461118 1.0
16.839988791145128 17.478600992292822 41.5499093551233 -1.0
2.6646333627561742 12.163492235249223 21.365633449852336 1.0
-2.63823593503799 -1.7738548357870734 12.5394020840818 -1.0
7.064102217090504 24.002784511582277 -1.7402623162119113 1.0
16.609216191984654 32.462229599258904 7.124569656000957 -1.0
-3.789337800415808 -1.7218154276680657 -5.01629337379703 1.0
14.505490667730319 -3.5772261054369636 12.052662512711883 -1.0
-5.307489006120708 16.177164881274376 6.940396337064539 1.0
21.635311465065467 0.716631626999219 18.736102058141302 -1.0
-2.468783527153022 11.195841625032728 -18.54491965402927 1.0
12.65098808408626 42.4282964091521 18.90915542017986 -1.0
11.797569315595632 15.79735219808142 29.835082791536447 1.0
18.92129497227529 18.01413593131662 26.029765849603386 -1.0
-5.1357920091485845 -8.490419703372268 12.324283425380672 1.0
7.436453287642564 6.7171587165969955 27.257286496120578 -1.0
0.4448242502860954 4.258574227879627 7.166764894752098 1.0
-4.735757060897651 14.18628305073661 17.88031207710125 -1.0
26.827135523871103 10.483318851283668 15.439881862749221 1.0
0.04610316388247304 10.682718469963367 33.536046930045245 -1.0
14.073657774090796 15.750302524913822 15.264279284079805 1.0
10.974117302826617 36.46420259103265 10.626948051180028 -1.0
4.512262382804326 -0.5030080456497821 33.079772743462435 1.0
17.61158301364724 2.7245480748396567 -4.1247216978342145 -1.0
18.188338040446926 27.01968882335852 15.58367336192622 1.0
-6.9400832890102215 30.813805415600232 18.356731499451534 -1.0
17.319218388653454 14.846628489151191 9.903597240834292 1.0
-12.609419166794344 8.70295975518717 26.17873865292821 -1.0
11.427492520468547 7.110808073899955 14.930219374106949 1.0
-20.098558558414766 16.537374381909675 14.714311917632095 -1.0
18.105453845058328 21.56103781493558 19.523363659861744 1.0
17.09736096178328 7.4732740769700525 11.97505715180534 -1.0
9.472878785674316 16.444707292942386 -12.550169622575655 1.0
30.975514126935117 38.55839143103394 -0.0062279781082281715 -1.0
0.9581682424756225 15.037263903754582 16.9262708350121 1.0
33.03095702374841 9.73681914815716 37.75038413852653 -1.0
29.447962834112165 31.941745343492713 14.145040732834824 1.0
-1.1086637726929354 23.646895155035708 20.185213890597822 -1.0
33.22128987094191 13.78635879897925 2.762698113008138 1.0
44.69202570861042 7.687302356605282 -21.59742590443267 -1.0
16.34596518653976 17.85459773419558 25.47419393272508 1.0
28.22080718104754 9.000618679089044 5.097408853312816 -1.0
21.004821026840578 -2.5241272889247597 29.685245802354885 1.0
-11.695004619918262 25.039190079222916 -2.163477559398846 -1.0
27.53691139721812 38.128010176206075 2.7180843368506 1.0
-3.241545020051202 44.129297103274055 -18.60858772853746 -1.0
-6.631685960372547 21.84981849560511 -1.0654208671034482 1.0
0.5523176970981903 5.650196389675629 17.453536919029148 -1.0
18.349689728113894 10.351596225170873 8.96245842909128 1.0
25.580187677338145 11.909510590094309 21.56124451658654 -1.0
12.06706728067337 11.269717941258524 22.25737147889198 1.0
-1.8517483987253804 12.238474473292621 -0.2522469709429913 -1.0
18.917293609727057 41.51969707474611 2.4281586053753004 1.0
5.486638963153974 1.2139035093976729 5.596065400358018 -1.0
11.841177053057582 26.335039153858634 -1.9961952861236725 1.0
5.826185029805149 18.640556593314393 18.949206171377405 -1.0
50.8848355151515 22.121641449643658 10.42041750101792 1.0
9.127295106131958 35.638595166781485 1.8403265353379854 -1.0
0.20986874415751422 18.411184561682653 19.208514056167786 1.0
-0.9739404993195571 -8.873462147502437 20.972160799873667 -1.0
11.252811113206555 4.6066226495697675 35.949554890910875 1.0
30.455831960207735 5.629348265181833 4.325658542718864 -1.0
5.957661143614561 35.25238091807664 18.889641718883503 1.0
2.4746115266103303 19.01476784023589 -2.5418310706893514 -1.0
-5.156398400795599 3.5897736180228845 17.926968214827802 1.0
17.26634204132743 28.593854205113868 30.445845964746855 -1.0
29.975223863920455 15.908766171856088 12.566807351718047 1.0
10.4520975218329 14.162911244508017 12.154134765771941 -1.0
7.181835351894962 2.030971278835075 -4.155596198503673 1.0
-12.112218161310846 35.9182478865299 7.632173857511804 -1.0
37.17448248417336 39.673137648518804 -7.022478711432658 1.0
9.03278522837783 27.908585749325756 23.78845060555923 -1.0
15.386955328925369 24.744361902996623 38.778578857039875 1.0
1.5107087399943777 32.331250989563145 27.736566927262267 -1.0
-8.35744503814341 28.840310218327204 27.013113104662008 1.0
-8.51096045960685 0.5766789905809944 0.26778858163300356 -1.0
6.065646928854762 20.96495260168998 17.4734572799447 1.0
16.1943385905954 5.81513803332816 -25.797731448509357 -1.0
7.01900537225922 13.197228899889582 -6.373544489049888 1.0
5.639701712196028 6.4461721892333275 10.920312598760892 -1.0
-10.734752647151483 19.705071484195713 22.64819439268774 1.0
3.075665864166585 8.622337202945786 15.979655900575251 -1.0
27.792638385039485 26.77877552469146 10.795185459149 1.0
10.085386668315309 3.8543237661566168 31.599696238923183 -1.0
8.124742648862298 26.58502250638136 36.231562379726114 1.0
20.067074336254667 17.23044463658816 9.711863591981334 -1.0
7.578261380249283 -10.065882185698683 -9.579437876170976 1.0
2.2244265369156455 -0.16297896221815122 38.49012993287952 -1.0
2.4994406223495456 21.79613131231767 -2.376877727442139 1.0
9.251093923134647 8.936405630548379 32.007795720352235 -1.0
23.347691658325267 -21.08792970815609 10.092327856111094 1.0
28.044568383148075 -20.729514322570257 12.392023939394269 -1.0
25.077241088130453 10.536920109507964 -14.883180738269699 1.0
22.31321126802001 18.57457482612368 12.300097785334296 -1.0
20.460798344660805 -12.538102109542976 10.671176031703318 1.0
14.324303446765544 15.868660837762862 9.297492119298193 -1.0
16.97173712090937 15.866537526240931 13.783627116357634 1.0
20.171430839614217 51.676743680433034 14.566542462701937 -1.0
18.871951365036857 35.49859423925189 28.651750901652505 1.0
27.387283826822095 2.8194696319775576 34.2186608323361 -1.0
8.351815443739442 42.306172988836934 5.065437183557022 1.0
-0.9119810717664514 4.589339144001111 13.5691553124779 -1.0
14.080492737519858 -1.9867728931674655 -4.305344925251994 1.0
-10.10983650052299 10.083397546847593 18.510988747293034 -1.0
22.97655577097526 26.695902259554785 29.16903136153033 1.0
34.49779408333424 0.5784985953583021 17.134814100131138 -1.0
43.82873342600273 11.659729563613004 25.795468961019434 1.0
6.076155006976785 8.981971195817628 5.348597874633586 -1.0
20.210258679757523 13.411565486524104 14.151982745735214 1.0
14.1858298310058 18.153494210526247 -11.587653015777956 -1.0
1.9989192331309455 26.456116445790972 16.176571749639628 1.0
33.160546907425754 38.13043685230497 8.627374014083303 -1.0
-2.1032773480171265 17.346445258424595 15.805323380868185 1.0
-3.3813715273220346 19.37623180602786 27.29953813696219 -1.0
-2.362501776467589 32.22297298193614 14.531521512935237 1.0
-3.0196777003684403 21.04759540271012 21.209712269008865 -1.0
27.42737110935969 12.468749543067137 34.46873539010273 1.0
13.064201225851468 43.50358215274426 29.95948335921215 -1.0
23.85026322957597 14.005573421738445 20.756514658973366 1.0
39.86248990363402 36.45718841743846 12.918844251686775 -1.0
19.882848863721403 20.18196996236581 27.103329394476496 1.0
-3.218635672001575 34.03762770315618 16.15062869319138 -1.0
-15.65966824162701 -1.4802831823402904 10.224375991740741 1.0
15.916743859833177 -10.884304551337312 30.758763059642558 -1.0
25.893117142274086 32.387789637926694 37.009111916402425 1.0
21.88193451956584 35.05915634367634 5.749508645048738 -1.0
17.390665029598566 21.516940531730036 -15.212216759767598 1.0
20.803840403583205 21.370135737795348 10.60401079850997 -1.0
34.25602307637776 37.12559030181906 10.921778701287057 1.0
27.043922355427934 15.031999790660235 26.70385222958398 -1.0
13.511359724766235 10.50718419230532 15.675589416683769 1.0
18.653053603655504 13.641577679215546 7.906488268853631 -1.0
8.299617611992929 4.475053262205137 -21.62914055208839 1.0
-19.47073222200833 19.446983700683305 11.797984516437666 -1.0
-1.1213653470228415 9.34346467996088 21.324235154423945 1.0
33.98689733298308 11.04217407593315 19.657639567306013 -1.0
3.468378270482771 2.95180648352962 4.41173663629745 1.0
29.345619144613654 10.4315798391392 8.677410320527448 -1.0
8.113474163628025 7.511123851006209 11.655259529957885 1.0
12.455520363078548 -3.6479096061914404 1.9697493389142466 -1.0
10.875719205376726 11.57128871711612 25.71272540931466 1.0
13.3242046711419 13.652532475710252 20.894950304901194 -1.0
34.31925789772042 24.517012214120864 14.881330938058008 1.0
-6.447176002239679 33.11546821027629 22.782698252609496 -1.0
4.347124634029381 29.95507061420771 17.532485106857507 1.0
-25.416808579282073 38.37784777865514 16.00933042575802 -1.0
22.544815427244053 6.289934078369315 -2.5009026834322476 1.0
35.97240636643845 5.807608570947834 16.961806203057638 -1.0
13.91613453010538 28.412733178350805 -9.452817678924397 1.0
21.683673368819484 -12.697473034321732 -3.9152788714198223 -1.0
-10.957135484239423 1.8534021009222041 29.8152625698953 1.0
42.93782720958191 -21.341978767014886 10.041344015730822 -1.0
-11.737181925953989 30.44949823508923 0.12483052385273963 1.0
-7.917891918530728 36.12940500652332 6.391525401666422 -1.0
3.0570268865006747 24.900311267267675 29.159279193453877 1.0
-1.2135302038230051 19.62902696593763 17.017538160405657 -1.0
11.479657813922293 26.336352069691337 7.7179480291778715 1.0
16.37997456734161 21.09006966260467 17.74849832927201 -1.0
-2.529913290771418 13.446705076624141 16.45771482221874 1.0
13.875042871758309 32.254448398919 4.337274426352035 -1.0
8.731825278986825 16.956531042061012 0.7742604972476302 1.0
43.073940044612854 8.519967227761976 15.242616492460991 -1.0
27.0283319499611 2.929717933238187 26.884784316018667 1.0
22.859564261400735 4.48574569095154 20.738837079123766 -1.0
-5.045480559045796 2.636998228107448 21.508442882355013 1.0
1.6551601304886303 10.107632458334013 27.270492574103464 -1.0
14.47593912119678 9.010272705748006 28.496570282694833 1.0
29.499160455093865 17.13089048831506 3.0236288226788535 -1.0
4.757027824545032 11.057801019600891 24.350649036615035 1.0
10.625113449313819 18.195360423163162 36.662691668099974 -1.0
12.110980271788593 0.22121240158881506 12.557141904099758 1.0
14.341624455596202 38.751633126582355 41.533734069738756 -1.0
15.316490735368944 8.621564431941515 13.115247192328756 1.0
6.1400273760417585 16.721316226276354 -0.19829899917983695 -1.0
11.488148046456793 11.751153624874105 38.47817872011427 1.0
4.656038411463934 20.52759594699179 41.10446558353553 -1.0
-18.54936300473487 36.171079783180005 6.806357763917846 1.0
5.500983497282413 0.12770166516595835 14.934510847549337 -1.0
6.5774928675425315 0.17842740856872386 17.695857474151254 1.0
7.058131195658691 15.729455284337908 18.18311903816424 -1.0
11.507524999387345 3.20268513378809 26.76896205505596 1.0
31.981237928314194 8.817008060254416 23.05303121175821 -1.0
14.630190046239408 8.294796901757726 -5.12356321218212 1.0
8.702703620409576 22.347828249089417 4.307345355509934 -1.0
-2.8142120854303165 10.736537803462342 1.776472035970232 1.0
22.171541866460128 8.852606419896835 19.752690513618383 -1.0
-17.73794211296408 34.21551060462832 3.478164049807162 1.0
23.787554297869956 16.16811841025403 24.86756414379929 -1.0
-19.195170328801993 5.6788242994503895 -3.823978196876439 1.0
28.062115846821417 17.98353070804702 -14.232607652665134 -1.0
43.868174679235025 35.14946490163762 13.265224573151352 1.0
-3.8074680051996737 41.18153949345621 27.307451832473262 -1.0
10.098180975596566 -4.8348395007201646 23.057405792871915 1.0
5.330969394082856 38.531304348461646 -3.7781639576707313 -1.0
11.219422304216108 -6.558905431408135 8.42868239251332 1.0
11.060797868765132 25.580558963539325 25.989719722888374 -1.0
16.609252629337362 2.661437545677179 11.971155745128373 1.0
8.644902714055084 29.921517096446397 20.56760609417703 -1.0
31.717428662805187 -3.5369289866224207 1.9261731969149947 1.0
7.735909733527036 -1.7815253512905116 26.42360850104801 -1.0
15.90732555095112 20.324308876471893 13.537343984681202 1.0
-1.464017105183732 8.018046877898817 23.30052743550865 -1.0
24.049595534768425 14.358192916456844 9.604568173216125 1.0
-1.5596336601787684 15.74788687356783 -7.892785598904396 -1.0
-1.7858835565808988 20.57978824046338 3.1024907847715446 1.0
24.230436160575074 7.394302504039114 34.38345235265835 -1.0
21.5237856479848 28.144484219468872 6.0024754418894855 1.0
4.146856647966265 20.319413225899073 26.43595952408831 -1.0
-5.306073617601964 2.680475436176898 10.713263926343854 1.0
12.869260432387186 6.375806698573967 8.151190249636702 -1.0
6.39150268678278 18.990473295787908 14.412878097648484 1.0
13.92923613309758 8.321089040548607 11.041488816584696 -1.0
30.71305090864566 45.175222991487374 3.7761953854755137 1.0
20.466899558196975 10.34205503994189 26.535984460541496 -1.0
28.088001621727603 11.22967781530284 32.02867313243034 1.0
-9.150635067907206 12.214194763164512 23.780305113138898 -1.0
28.94411865281119 19.57431779246887 19.47732651668101 1.0
3.453683458126462 26.012850047236906 19.76861633168673 -1.0
10.141406685483595 -1.9601149643433295 2.3560084419993315 1.0
8.699201250230507 18.02173001636259 -10.716658141268335 -1.0
10.170010931347191 19.459062292124823 17.88830440971244 1.0
-3.0181473370438177 29.28137447479576 -21.9710363478688 -1.0
15.72348488783678 6.322358129488585 9.98010902993708 1.0
16.37805304981369 23.48114600975208 8.605509743482397 -1.0
5.163483371972495 13.813864195885099 34.93023959244729 1.0
-15.367660211216377 10.389082873903106 23.388704585734892 -1.0
-4.836723961409916 9.938222400274418 -3.559134653735793 1.0
8.773123844976077 25.25994637190389 33.613849170180465 -1.0
39.523061100380225 24.781928515476054 26.306819931314763 1.0
10.521550389582213 31.207207303466344 -0.7159346195666849 -1.0
22.748534537008933 -7.644704078220382 29.85391120452339 1.0
1.9518559807213351 9.241344823606399 11.370741882465468 -1.0
-3.8698881800742875 32.570419917330234 3.0907243992109255 1.0
14.90449340686008 -5.505664264410704 -0.4028129540108516 -1.0
-6.870651480669679 17.944327872590044 22.950387315781676 1.0
27.80679852638045 25.006726347072043 5.853492910542565 -1.0
-8.441502248708684 11.369284702394491 42.49665007118371 1.0
11.54342758192272 7.902365842419421 20.407572183388094 -1.0
12.292665916870128 20.141743728157415 30.35841944242083 1.0
-9.086103018325442 -1.8521476896035765 20.390981408456803 -1.0
0.6738739672841244 34.27293542540734 3.2855615001772884 1.0
18.529245842131214 26.30584030488379 10.551582752266867 -1.0
9.740995763161349 39.52182665582802 32.697196579861114 1.0
14.710692498407857 15.003399320358238 12.920045869293796 -1.0
23.118892201631738 -0.7114991000108866 26.057130441856305 1.0
20.38583386442641 -8.883955537459364 40.71885341133005 -1.0
-12.067613242501421 17.82883214440355 -13.81604741142979 1.0
-4.0510379293333045 -2.7883329831317774 25.058516736722968 -1.0
21.61368926793595 46.285118578233714 7.719045322663534 1.0
-23.35801975763972 10.521697486850439 23.266420437535633 -1.0
0.5465350064767585 11.301382803882117 50.284548365916464 1.0
24.308395413983174 16.903252451686146 34.9128564744632 -1.0
18.947204406414496 33.07682119955295 -5.253741515198925 1.0
-16.3507055494391 13.995129334253177 0.2052702468509967 -1.0
-7.387005381217541 -0.33530092582422455 2.292909114139978 1.0
9.841292644429908 16.928053224795896 28.68956849830561 -1.0
11.794385806759431 14.759420520377624 10.18245575177774 1.0
16.83679836566601 35.261931433555375 26.835757934424027 -1.0
-10.313623178198691 -0.38430567017527295 35.21875720055566 1.0
6.605965936101258 19.08696120763938 5.473213321813714 -1.0
12.771635901501732 -6.0962055780595215 26.45610365651303 1.0
33.4921379652857 -11.172195185932965 5.034718534175013 -1.0
23.133066256419546 7.2515601761846735 18.18388399184678 1.0
14.64886920667819 21.28895103484159 30.75125049218567 -1.0
41.6559552501065 12.68064777871983 13.222689069888109 1.0
34.99453746219311 20.04839942401218 20.22787166020506 -1.0
0.5747993745981773 22.924288652020604 15.380458802132512 1.0
-3.977180500790933 6.561938920581844 37.93247201035401 -1.0
-31.6674011749532 -12.04784509848877 45.76788547416565 1.0
-16.921203946352676 15.43981689686275 22.021115076600438 -1.0
5.640387540024756 28.504054229380905 13.821225044157284 1.0
-5.251754507832253 27.121190529597875 8.08219513829189 -1.0
16.188898452180716 5.678821000122786 4.817409516286157 1.0
14.694636216401351 4.607180703809876 43.20577653965829 -1.0
12.110542105797176 4.857530519500169 18.943146174510357 1.0
-4.235096272599176 2.413624971041268 23.73285478913431 -1.0
49.97668870470075 25.488321686804934 17.73092763889744 1.0
-1.9988383134216647 -2.3882548197921487 -9.206789592198412 -1.0
21.755515158851335 -7.878005626368463 -4.4436633143649615 1.0
2.9291145359497364 18.63000127040757 6.725474255981334 -1.0
14.954065384654804 8.802772585542192 32.02930712962864 1.0
4.04563175036007 10.376883959324747 -5.634041674123697 -1.0
11.227472176938335 0.6113651853034023 18.14475971820087 1.0
-7.891169458538748 26.70547966641012 17.83662730138249 -1.0
-3.1068978340119635 6.477151844869311 7.135073040804224 1.0
26.28392399440722 7.6783862582486835 -5.523300249140519 -1.0
15.243386462392106 12.138265893812509 6.392205205957574 1.0
-2.6817678106575116 4.11236192592975 -18.276740423700062 -1.0
9.9558247335005 6.690979015564742 33.0455409598961 1.0
18.806310707863776 15.016266122655185 -13.477624833804883 -1.0
-0.21057598915728093 17.95849366634004 12.023594337698857 1.0
11.994723599811971 24.229831555289852 19.57892746223172 -1.0
21.971605195692263 8.72206455831554 -15.695011882530205 1.0
22.595558740625687 13.686434878986802 6.731427892818602 -1.0
1.6506964735127438 23.35090478217878 -5.699600532633429 1.0
40.730497690151616 0.4580211223463262 15.677502576148438 -1.0
-16.937826721559297 36.65504057403447 41.67088041363129 1.0
18.070939792032686 13.153832869677581 -10.231806034075685 -1.0
43.173953138883796 20.81838182892305 5.8869234112482225 1.0
-20.706537894781448 1.1923394001152934 -2.4888504403223983 -1.0
4.473828129211245 6.923135652905919 2.111918296564138 1.0
20.3133820609291 16.427510121359095 22.571369813305342 -1.0
8.659320037585468 0.5194494633249938 0.18445488537505342 1.0
12.421083205295592 20.091489322701552 -2.855559257283055 -1.0
27.886862591731866 8.248726115664958 22.401815960957816 1.0
38.775113607885686 12.517053077676477 24.977592302468235 -1.0
-9.175428710665347 29.052459404670753 19.451311578377112 1.0
-6.331059302510411 -4.227434142599634 7.349646221774925 -1.0
11.779449654933751 33.705304799181135 9.494998414585686 1.0
-15.06088394439576 17.6572112459614 23.94432697754922 -1.0
-8.780394230398468 28.649244047757165 32.86976504232389 1.0
36.168236245135745 5.28497261684648 2.785416949861215 -1.0
41.97725647330593 -20.76120932473688 22.284254383017302 1.0
17.110803929456242 18.909058115588937 37.21467851260137 -1.0
-1.2848167695976436 23.412138666867435 5.440283720074847 1.0
23.268523879968633 24.04827263896774 28.900459559643487 -1.0
33.179033638965585 5.835386276155651 18.15276813874837 1.0
2.3001195274587087 16.98410304445308 17.969786185495778 -1.0
14.846769219559803 36.02328616056981 25.13141784455583 1.0
-23.143780540227326 32.03379229496698 8.460786109261425 -1.0
7.836131623710641 18.27331956452537 9.248489854444491 1.0
-28.525081006291416 11.572988870923762 9.874486252406305 -1.0
40.60226010624545 40.573102614515456 -6.509045944888189 1.0
1.1238197451692573 2.8016037780706595 29.553708546431633 -1.0
28.519598890606886 19.464733581368947 38.93918184671138 1.0
29.211299129607024 21.98114382841008 3.542274335271847 -1.0
3.7166562569587396 5.229422387143551 35.55617437789719 1.0
23.85526167704908 7.927118289346065 27.40673010177095 -1.0
-10.782861364863097 -6.51683352851493 17.43407798731783 1.0
25.668898390179788 20.86947873011999 12.683173431649607 -1.0
10.40645507459625 8.801277037602494 -6.842890409746872 1.0
12.549049173757778 20.655827965162953 -8.631000239640219 -1.0
7.80343164858045 10.855436119284654 22.48545318635371 1.0
17.13645751601891 19.546594385996322 28.686106088805246 -1.0
-1.1634382968786845 14.549724754702499 26.905892141694853 1.0
-13.926830259481198 53.24187695515723 16.158949417609303 -1.0
30.206947565133483 16.818478285430203 17.191758717808987 1.0
28.904451871694487 3.2566777147445007 15.698927478135134 -1.0
-8.667351214264574 25.83609362186675 -2.3610017001718226 1.0
4.30472401134723 12.695889209406579 30.195345358192082 -1.0
15.297039913579487 13.409577556896721 2.5226817120700655 1.0
13.84796644688584 7.992177654830065 15.01530091043627 -1.0
-6.734429464220618 8.33835659310683 31.85885840267321 1.0
5.5503602963594805 27.214878864279164 10.915974706123945 -1.0
26.80989990891559 29.603582999712284 14.54919842270027 1.0
22.464003876210334 21.339270155755646 5.207493138419013 -1.0
24.680345997811813 21.643433087413335 18.346792750622143 1.0
-4.00891585166848 11.756252391060995 15.7560515326379 -1.0
11.76862808989344 -2.4611084155421104 5.351842638151092 1.0
37.25769947423057 -20.50386281413759 13.06792360320726 -1.0
8.027721682510364 21.694445094664097 6.542057322943568 1.0
25.00195843350753 -8.328696800799328 4.625108531778428 -1.0
25.126410020823585 7.179580899553043 25.65344347332952 1.0
14.068683432384523 19.308699593319343 34.46458585276757 -1.0
4.5231500193693455 -5.3577477697231615 8.74775526635969 1.0
15.575239208205701 24.975203832398844 28.836799885654933 -1.0
-20.852775585548898 42.55239779171562 31.637856697613845 1.0
44.37558120590783 10.400068932223379 20.351911110001442 -1.0
15.058582852728705 20.64173431336454 28.051029767326106 1.0
18.128348475173986 22.237315414662262 38.52516685580002 -1.0
10.820922566420855 29.691032808180786 -3.131895796991227 1.0
33.65862564797237 -5.053374019849137 8.788106726994988 -1.0
29.354002376137274 8.301931165291299 9.58033407963031 1.0
-11.745826012492442 35.146399923186856 -3.3109925785304064 -1.0
22.38822642337557 3.8614108448463496 0.1375954186062319 1.0
35.94498589232686 -2.6516798173178664 14.384703924663848 -1.0
7.820548480542356 22.3711801171682 20.60269242707573 1.0
5.0736089735198675 -3.3836403004569213 19.73159050490675 -1.0
23.44649084630217 25.725361387120937 34.83709879768549 1.0
14.601851461896183 16.149085930105016 0.6424907889192988 -1.0
5.641623176821473 2.2517462250789064 0.44078686251270016 1.0
0.521271010894941 20.96507715358972 4.660684614817163 -1.0
19.000853298823458 -6.496930542295573 16.445951611300043 1.0
-0.06700082105592031 19.728614661697126 1.4199580397971339 -1.0
20.314593644951728 -0.06530499554744296 24.638291927760687 1.0
30.68311830308605 9.514330919296707 26.789591625386034 -1.0
-6.421011077815045 16.132911607172034 17.34257653992382 1.0
5.851192347755594 7.034352110836743 19.334848689058067 -1.0
29.540145344286064 29.12268521184857 22.611876449783782 1.0
-4.803345703720641 6.0805007758665734 0.4472307848442094 -1.0
28.309560985538173 0.0752284199934375 -1.3742008129472048 1.0
31.064172123479565 16.437039971789915 34.35910858417149 -1.0
0.07303877746179485 -8.197837213428485 -1.8905788122854474 1.0
7.715265448180905 -1.7587563703991904 37.4145427644645 -1.0
2.48232866059927 21.513807862243553 5.679057011184528 1.0
2.1485422291706713 14.594348393583152 32.97788136048386 -1.0
15.538017597481803 24.533981661988513 17.862608752159208 1.0
17.82503776591085 -5.262107438632398 22.251071042195807 -1.0
21.967426648024375 14.341028332331751 4.205229662335146 1.0
0.8676629129313351 -1.069035355049074 17.29345843027607 -1.0
-5.073475780805772 24.061374068606202 38.54565373652754 1.0
0.7146025968235508 23.761377784947253 -2.0624994568590473 -1.0
-14.942482208430114 22.981392638432652 17.90789375080156 1.0
-20.593481189634613 13.300256862815544 11.899988243901012 -1.0
-10.905115253372745 14.530975421214281 48.83600970413601 1.0
-5.583786588678052 22.82274152929734 18.642934217430312 -1.0
29.985281578143088 10.022073981987662 3.7231242650119 1.0
14.09587413592787 28.90731374198265 2.2302115662390696 -1.0
-1.8597869976074826 28.0878110640199 -2.419817502552629 1.0
4.498857690772912 22.437111207758463 7.684213773217255 -1.0
-2.4996820193727345 -5.06828395003485 14.160732922088165 1.0
-19.817751866723224 29.950265644058987 -1.155240245604233 -1.0
-2.8613517168352125 3.185354928928259 -10.720056884950944 1.0
3.500250591213982 26.5391134302195 1.5163135796800589 -1.0
14.23314069725716 17.26958157929474 32.91495138046686 1.0
26.253279742405546 16.418134284561457 14.293246007798949 -1.0
9.572796797573641 3.6122502516455994 16.446917793170993 1.0
