512
25.557108333705028
22.60823535647313 30.086639195255596 5.733771732407964 -1.0
17.460628944637655 37.167623409174645 15.453843203819542 1.0
15.749437372671936 -4.931717632313159 28.228705265757874 -1.0
-1.0473871602445328 18.4531889529431 26.0766484329079 1.0
-8.855663752311315 27.49057457649233 6.841294966589791 -1.0
22.419334039008866 10.723031743547384 4.541901859610395 1.0
21.550495936933796 9.41665874725874 -18.675544702347004 -1.0
-11.910589894652244 7.839367640368528 5.101955079421039 1.0
39.78828196589052 23.36966061447351 16.831276150093654 -1.0
-12.762487338884757 33.4627747849221 20.025316714292536 1.0
1.352710748251824 -15.108969141761836 -7.322655890713342 -1.0
-11.991176679044049 -6.154667908378556 -9.937241368539386 1.0
12.87617050490635 12.023142141687753 20.53172198247243 -1.0
9.916966680395685 -12.652364518228023 11.438767776451407 1.0
-10.117849479051717 30.783937441275192 19.388475000030855 -1.0
5.907307752970106 20.914444254176733 30.722038590690428 1.0
22.402942486490804 11.566050134794649 44.914866478179995 -1.0
2.878178637704848 15.252835491186916 7.885713283400054 1.0
17.482848367681772 24.58820826473904 28.631774333108897 -1.0
4.177618801306849 17.93783295119297 8.967871018191559 1.0
-0.7505160991176361 20.2183655381651 -1.4162062980437398 -1.0
2.382391855915167 11.661805146641505 46.46982561142344 1.0
12.312501474120616 30.469378322772556 0.2011539956306347 -1.0
18.566905562765154 12.487552592750502 -14.771077558111667 1.0
28.1135611954598 21.563193448501586 22.253489091253385 -1.0
0.7090318904663901 16.33488182297931 21.4658677635204 1.0
25.947279252624366 -12.780354385272396 10.094817302283648 -1.0
-2.4690422928598608 -4.642566195684978 3.5336879071010214 1.0
-8.667816762914196 4.24611968249351 28.633827531450365 -1.0
24.766056228153484 13.87804783584344 -1.5660916728022833 1.0
31.682903119308673 0.23990564299269496 -0.6029721558324432 -1.0
6.318320609775019 22.548399338418246 36.657359629248816 1.0
-8.69212875802296 30.152584342453384 15.691093401762057 -1.0
15.440624215860076 37.218959234855205 21.009558061000032 1.0
-3.322984586212538 17.8404691141914 16.92029273347035 -1.0
20.145551503539625 -0.1575908047001242 18.890667818099818 1.0
6.748313312854845 0.9646867765506973 12.88012219724826 -1.0
12.11775747494145 1.4525479384100344 12.454156996847713 1.0
25.95755064859918 27.14852726941816 -21.465089722324343 -1.0
2.0260134447926292 14.332880729537345 37.61417087871107 1.0
32.75897038715443 12.385980556777097 4.771905851659014 -1.0
-4.378520060696879 -3.0204576858079726 21.39270700973941 1.0
34.890246345472434 13.28887566052462 19.284035588463055 -1.0
-8.166717026635663 21.435323543668186 17.712240378103687 1.0
0.9593221342613726 21.211550390551217 44.08574637539222 -1.0
5.34210845842906 13.601997295721251 5.588898089579084 1.0
-0.16592907989768335 10.750810852189147 4.234985355046323 -1.0
9.587977483844627 -8.33608360881297 12.46804134328816 1.0
19.59065540545442 6.5204991875380145 2.9251152112335763 -1.0
25.039064665677156 26.09332348093107 17.34028575041492 1.0
17.585016679890906 10.575962956842409 30.96420986958167 -1.0
36.754218180753284 32.91351127977748 16.826938040142004 1.0
18.953423241852033 21.293036023196475 -13.00222241458244 -1.0
16.58542462496299 -2.9149296864978886 10.790767788800762 1.0
35.456351088029706 14.661304703218237 13.274182296274638 -1.0
18.44466707160699 7.53307109086138 5.043921893495083 1.0
19.41164539711507 28.03164180386359 0.19214072038159707 -1.0
12.370086626132606 39.86944470156505 14.085013617651393 1.0
15.671370864590953 9.743069737511428 10.406869820659232 -1.0
10.764686991809025 18.703982272946156 17.92738691021026 1.0
10.454983579113751 25.099158750560818 -14.849356946651849 -1.0
-4.834077515962239 -4.328765464443741 6.7733235763415465 1.0
5.062108061824943 11.10113058962761 -3.5283296431587132 -1.0
-3.201799908796499 24.911057611626934 15.136516559750225 1.0
-3.0392731283058048 24.992948096254985 -7.202648473922011 -1.0
-6.277112988131627 19.08874739933392 21.74719006197641 1.0
26.361411372450277 5.805147927330672 29.75466790284677 -1.0
7.253217663083994 27.568160560520596 19.429249510846667 1.0
9.196084710755681 17.91379322770504 20.233114738412024 -1.0
39.64706289529516 12.216550311153268 -13.643484204101403 1.0
11.582932034676388 46.32621700150111 33.392067594808516 -1.0
-0.3003912339163648 38.391458629462534 70.02017900413841 1.0
-8.809768156777015 6.2671912694451954 11.022880147460207 -1.0
1.6790310536218125 21.870812011413754 2.3601496378078197 1.0
31.735564069452963 25.345060819348085 -8.709812995099721 -1.0
3.54895056124944 1.1306398751706332 -0.5356039705963411 1.0
16.91490294470106 32.23224837158946 25.177504429714865 -1.0
16.012645770286912 19.088636608216692 26.028627067456036 1.0
25.10608543529504 27.85073632215593 21.062349265604716 -1.0
-3.0625652156374628 8.467696187507947 19.753422462363087 1.0
0.8597390533450068 17.433238882184053 17.443717063470963 -1.0
-3.4478777052353777 6.981665423695549 31.81008445809839 1.0
-9.544503462691882 -1.143844987918765 -1.7958016657627276 -1.0
19.120199754493278 10.916787711970056 19.449671336448173 1.0
12.316168637164868 42.628867411987095 6.83291101662546 -1.0
24.05538590210383 32.071943412171755 -2.3618190478763097 1.0
29.35696127903493 12.6611641386929 7.548064125152321 -1.0
-5.1869384462383685 20.046608422235362 36.57887074667863 1.0
9.199090321788658 2.27585970428031 -1.0651763113294628 -1.0
-0.40239118007603025 17.108240148317524 30.29318964563062 1.0
0.7597501411446437 -3.245375314373664 34.17103033987982 -1.0
15.987783891048473 10.130279785023543 7.807077367680245 1.0
19.21653153898975 32.97306415136583 19.926887801645687 -1.0
2.8460758994206983 40.377431730191496 26.861118152325098 1.0
35.12206371796948 10.292177810171406 12.03727938053244 -1.0
0.5004794652721252 25.5302041311858 6.705941469370617 1.0
11.256583997876476 -5.621601739857187 3.674410894273126 -1.0
37.42311174495633 4.032545924451486 4.65050240128616 1.0
25.454172920535886 4.846466282924858 -0.9513526410100326 -1.0
-0.20256985714062736 -4.619244672688698 32.043114851603725 1.0
36.32321863556774 27.120231131807227 3.214516612969585 -1.0
5.414274901827727 -12.12609813899998 15.797439649414544 1.0
26.25775847944146 -4.089928142828466 11.95347932008454 -1.0
41.04294828994841 24.742828664625353 1.0259929226559408 1.0
18.265305980799315 14.546693963672908 9.332201715174811 -1.0
34.2941394729882 26.41275037666879 1.1772097489307132 1.0
23.95931701991818 16.545533751119724 48.617408099077586 -1.0
10.60927042783598 11.003039407645158 19.21669403307557 1.0
-1.2443747165699186 2.7693674923796165 17.21260338908194 -1.0
14.753799399694358 26.974578003675717 -1.7863994585180727 1.0
13.903862382733248 30.050483041620858 7.338898847022491 -1.0
-1.0356550295159401 2.4082165943908436 -1.2883582697416749 1.0
20.517112496611457 -1.40819980871823 11.712359451721676 -1.0
-3.674835621241275 8.376415954978365 10.462563163063365 1.0
19.465232358310335 2.4581973090335 19.039782633469986 -1.0
-1.048124428300106 5.084749519052873 -13.618836678177242 1.0
14.65528286565903 41.02932028557723 20.642598393168935 -1.0
10.67800820065243 18.066022158940978 22.599302354463777 1.0
21.96148262643701 20.55334457662342 26.83973392062697 -1.0
6.18775707048599 -9.598632792978243 12.31395382691457 1.0
9.643318559871327 4.706241737477623 31.037386344486016 -1.0
7.888107966950487 6.192123920451488 6.969553886484067 1.0
2.1454852053579803 16.180320875997687 23.478097090271024 -1.0
31.394849761517015 18.008968187679745 15.103970342890486 1.0
5.262776379397168 15.954304687046276 32.334870032065844 -1.0
15.136028195591525 18.145304559696992 19.498503806685516 1.0
5.8594736893439 34.529875413500335 9.950520375565077 -1.0
10.634994694517156 -7.414208492386173 31.106206160351018 1.0
23.960618413766046 0.2223329979564881 -0.6863928023297383 -1.0
18.544130014298915 28.238876539011834 15.254024690024576 1.0
-5.3455012082621955 31.538267033079958 16.04048530062286 -1.0
17.894662045190646 8.566555898539281 11.114655722692106 1.0
-10.83244513034911 7.251138962226001 21.61502731006952 -1.0
21.003368217988076 1.5704933057811417 11.830399204365571 1.0
-9.44208537595389 9.645813801198686 19.117664066860986 -1.0
28.348360348143977 23.59360845902939 17.324519341714517 1.0
12.646348657891867 6.648851254053304 11.20778746901972 -1.0
19.70143040659505 15.751051186105926 -7.6464655791820455 1.0
30.59328201377539 35.05134575483874 0.14045177270951312 -1.0
-2.1997980446224297 15.794356970473958 15.40017067954315 1.0
29.984554392807688 4.508986589773911 40.283352861867684 -1.0
27.293376555150264 27.746592924420934 9.076214217944008 1.0
-2.333811802260904 28.458339709769895 12.841683444070787 -1.0
26.645231224343 13.169713869360615 4.013131805126374 1.0
39.856588888887515 8.529387851662035 -23.178269671630922 -1.0
17.285755031137903 13.890275922974025 30.722177425235927 1.0
28.836405995537312 8.851895298648813 5.617330191503986 -1.0
17.79643203451138 1.1038882527456406 30.100329203302675 1.0
-12.460571055776771 27.70339940411078 -4.149494642962058 -1.0
24.177805040528504 39.326641748566935 8.44891015997137 1.0
-3.346175895403473 40.121483904415456 -15.584802560144235 -1.0
-0.25960450517226263 21.06478573845778 -3.9869191772807966 1.0
1.1795691562557913 4.4787843136652885 11.530687598283528 -1.0
12.772006936511731 11.765001813062199 6.733390650942948 1.0
26.155124791279892 14.23653101003035 31.921236197669568 -1.0
12.742674787235488 11.868272628703858 23.413805866987563 1.0
-5.15389388223366 21.345457829423633 -1.8682474973387961 -1.0
15.65743400460711 40.213379926271585 9.326987022824042 1.0
2.7498911868320723 -0.9801601807857558 0.8603960695039712 -1.0
14.360717384527442 30.433879056273412 -3.2016667409149306 1.0
7.734103658768062 22.689051491163607 30.601070613146426 -1.0
44.542040713889605 16.74470001342415 14.311184135509249 1.0
14.041851118227044 39.37851181095473 -0.5063598216614267 -1.0
5.026704563878429 21.58304194056843 23.025357216962377 1.0
5.527452975386555 2.3658889862141677 21.045620768753903 -1.0
2.0760080302647648 6.795332335990303 35.07665149119356 1.0
32.696888669176836 7.899061302013754 5.611960417887509 -1.0
6.5890233094751665 38.62225234358807 19.609451315757152 1.0
4.626015720458163 22.322532596988875 -6.651018524980916 -1.0
1.9992027852618455 8.101722427115225 18.219038217263456 1.0
13.195880951365986 18.41276815525414 23.059227511614633 -1.0
37.8632168846412 14.051765423941594 19.396170889972975 1.0
13.784174942914461 9.375664708084189 7.304349108232575 -1.0
7.7036245378722406 6.709864283545014 -5.513274623241088 1.0
-10.007648484898636 36.33787032717476 -2.2773397678122045 -1.0
41.872194437731125 40.6000935363432 -6.9209867498939275 1.0
16.805212580262282 28.27096108886361 22.23685851580213 -1.0
9.262645027318008 25.28920257204719 42.26646906132119 1.0
3.6651418949531402 30.354912892831983 27.85640730085859 -1.0
-5.241228931655677 32.19050359908012 21.9704394568762 1.0
-12.132675024008567 -1.807486031454907 1.1604604880807394 -1.0
2.1811638887396283 18.63632770614517 23.633180882117966 1.0
23.212279702484032 8.228689531118013 -21.374140319777045 -1.0
5.800486366343944 24.08597973865374 1.4474496149794507 1.0
1.6418507853368316 11.351419061627702 13.0577104931949 -1.0
-9.651567247055702 27.32517572713973 19.70634784689809 1.0
5.215688522046359 9.163057168205857 14.531199657252294 -1.0
23.068765726353828 22.703692287335095 18.340537357371204 1.0
9.271784156487277 5.733213171706552 34.70746135246093 -1.0
11.469126882573105 20.49403908018058 36.0636110417564 1.0
24.517591705771007 14.990375672693226 13.558931768043157 -1.0
8.996645752659 -3.027463052200414 -4.860181492229092 1.0
7.413357248986406 -2.5919407812525925 34.346465955714564 -1.0
11.419129852899252 24.024462097253814 0.017620579419214796 1.0
11.028532248411103 13.20319191860168 30.12785263346857 -1.0
16.43977165648182 -14.299127419527474 3.0221166449026917 1.0
25.5024267686005 -11.688591891754132 16.819890373489667 -1.0
19.703346827099026 8.601744490124503 -9.175551669678995 1.0
29.35652395297971 20.719722300654418 14.805634212266002 -1.0
7.994276910251501 -15.922323077104865 13.947338039195325 1.0
14.682825093380336 14.63067472073326 12.36647399156692 -1.0
20.49431258935228 12.831107250904642 14.399685956388304 1.0
14.663599364871656 46.409023490227526 10.898824881542915 -1.0
20.75251525923704 37.61456620964472 26.25037807721761 1.0
23.740867590249913 6.063848333839363 39.828041615397 -1.0
12.720719137894434 40.81024781269491 5.186661554135011 1.0
3.1598035972526883 7.683691091467273 11.631675917901774 -1.0
6.863782999426707 -9.842162220428968 -0.5767950788367209 1.0
-12.927762932255229 9.194553471387472 17.92242580045784 -1.0
23.472698909724947 22.546215748042368 36.81230151091607 1.0
40.056373000332925 2.565146587695729 13.332240796351513 -1.0
39.65661110961722 15.633450758967356 23.095217041972933 1.0
7.9618248695742535 4.332067312742165 1.2791119448141686 -1.0
22.39629867907394 11.597089669827199 16.811493318891625 1.0
18.92458610313493 19.679865026473273 -9.316914706725651 -1.0
7.6883989090322284 26.22688089909405 23.052739008785494 1.0
19.92369788512646 27.36081491823557 9.429243006504855 -1.0
6.429915861990738 22.816684166874325 16.852838880244054 1.0
-2.40763041722159 23.903750170468253 30.882570374058055 -1.0
-4.755884024694215 28.747488621593387 7.063957720556876 1.0
-3.2256139670567947 22.40975882415964 15.857481580389411 -1.0
25.166010552783064 8.35780935624717 31.963372160466562 1.0
14.672791411969062 38.883826366558466 32.74968947935383 -1.0
29.336882773429757 14.767704889988254 23.46291873157747 1.0
43.92453613698912 38.292024667265 13.341201698267351 -1.0
20.95356353404818 18.434314854475748 29.340259806378747 1.0
0.17152206052049382 38.23755250613866 21.635450314139728 -1.0
-13.811862794008343 -0.39814839350929887 4.501213345301015 1.0
11.777889964090187 -9.167627934276407 28.239384480597852 -1.0
23.504040834160723 38.67766500208912 37.355821525944165 1.0
16.10632330261195 32.59822830302693 5.581725358377811 -1.0
17.45128569180256 19.682891052413925 -11.759079469516902 1.0
23.938200262644727 24.966142284591818 13.352569209058691 -1.0
29.36249514333631 30.251448981922493 17.18020531121478 1.0
26.286149111609998 15.274446903419767 28.057359676240747 -1.0
24.869731888775732 8.11144116881929 15.91875192676985 1.0
15.26778605358386 16.959747803353125 2.6698730300940143 -1.0
8.341317760321507 10.072869308205439 -20.855205539638263 1.0
-12.306213144187447 18.985678787951496 18.254047103067393 -1.0
-0.27146248576993415 10.387088933880472 23.229799160808994 1.0
28.573731130655425 14.460119735100193 14.56466525766409 -1.0
4.693714356907393 6.855396446420159 4.703100795223438 1.0
33.50515303653311 16.42373232202444 10.37396743821968 -1.0
10.203101995792919 6.216492584761875 11.312306727564255 1.0
9.318677564399769 -9.994553010858422 6.266966373887175 -1.0
5.977472441623902 12.93903116697187 27.67303276123248 1.0
11.282146449088815 14.465445812795016 22.621074531842957 -1.0
32.86986292422064 25.004663130810762 5.946306029298175 1.0
-2.8306851022077417 37.010382140514814 27.56916018834887 -1.0
-0.2077748131861199 30.10872502564926 7.643637201373176 1.0
-21.109030472903427 39.079439810692534 25.847005211589593 -1.0
27.8401568415291 3.6568655252657725 4.782492669352145 1.0
36.86228792220678 -4.357895005593942 15.621955239481217 -1.0
14.606999703988611 26.169737889782283 -10.25994889508655 1.0
18.981402624723504 -8.411120637832827 -5.7628946587768795 -1.0
-5.875778530791713 3.6044375245447084 28.14906567076104 1.0
36.03725031632649 -15.403592257871177 7.205047694346409 -1.0
-16.716203846504463 32.1718219392621 3.731527964039209 1.0
-3.907447891567525 38.80381705984852 5.93497214411946 -1.0
5.227410374061423 18.903383140853915 25.940304836186936 1.0
-1.8610503912675043 23.277455707980444 21.68993799780022 -1.0
14.881441692750435 31.71062362562587 2.116774514065778 1.0
17.79804696964482 17.96275026713056 24.470779255979256 -1.0
3.70719516997259 16.07561649930669 18.71146225814582 1.0
12.421982337669734 35.10363615103666 -0.5214940454735348 -1.0
13.736757920771518 20.584449972479337 4.21190043746989 1.0
39.17619152125742 7.661323789878469 15.107835365673443 -1.0
24.7897351312481 4.328284323434492 28.148937477954156 1.0
21.109403157756738 6.788674479386671 24.970496528901666 -1.0
7.289524582743342 7.11566608944312 26.105118931033513 1.0
0.6786704044487628 11.938497121895727 25.28673273323442 -1.0
15.459264169224292 8.55235649501177 25.237158105432595 1.0
30.17613894920708 16.674108376528846 1.0690535777588754 -1.0
9.39349284083622 8.520161164250748 23.04536139006553 1.0
15.394406112307989 19.86945158013258 31.624035373685743 -1.0
6.9051866351770315 2.728661746835104 11.28209009438057 1.0
18.007240950778744 34.41833020485907 39.6021589689715 -1.0
6.177464742622696 6.425744786425277 11.009248738280267 1.0
7.3235216357699695 20.643518486138557 -4.0985738574722355 -1.0
1.48596898791138 12.10061368019589 41.11097479786001 1.0
1.4002598508795614 25.195438778485652 40.99787996459874 -1.0
-16.130040566074943 38.550088288299605 6.761057981350506 1.0
7.514721728067283 -2.4424960557326827 13.958875440028176 -1.0
3.4597106376083544 3.433800468530448 12.38317848616466 1.0
5.1234385469037464 17.831926475140087 23.481419356150077 -1.0
22.045499424113228 6.694185062474253 27.72143561145405 1.0
27.682146928744586 6.167846942125183 19.90222239388134 -1.0
10.81249892530553 4.13317648666918 -5.499488445542539 1.0
3.172809574623082 26.510245988958722 7.383254377318178 -1.0
3.1092378264622256 10.056426053705268 3.653910144743796 1.0
18.020523912168976 15.633002174940524 16.225220270160218 -1.0
-14.680619493110413 29.016908393982504 1.3177258439757498 1.0
14.925464439899383 14.015594909264808 16.638642513496613 -1.0
-15.386769172271077 5.0320194171321315 -1.5758403857015715 1.0
30.39905781969238 18.330050568539413 -7.419888660140128 -1.0
38.12833396440399 27.69243961099836 17.498007033847745 1.0
-6.6438429129401975 42.26938965026585 30.130618994513277 -1.0
12.905842924740412 -4.4141492028711475 22.72673803144735 1.0
9.845517703569147 32.933447394423354 0.1911733257208165 -1.0
14.003345419465429 -3.17969091659128 14.495687148545228 1.0
10.627430473286813 21.082120584917963 23.590697288920172 -1.0
14.618159465756984 6.67066034150502 8.849179581822252 1.0
12.035198162307196 30.43355557363205 17.257383406753508 -1.0
29.681695012079647 9.554099106815576 8.045972467958226 1.0
9.59617240679568 -2.394014047947639 26.98700306284708 -1.0
11.927280820557364 16.206508325569636 9.653037643431198 1.0
-2.4734424162200703 8.914813440930256 22.60229046242228 -1.0
29.874697187830197 10.126452352764396 12.38524692622139 1.0
3.8089559884766806 13.906736150743614 -5.942920575048973 -1.0
-3.735025766358426 20.44726947571423 14.929927678498018 1.0
13.860260179957367 1.1870355484706439 35.84875797557452 -1.0
20.68206529584408 24.899192923058582 9.006781132640914 1.0
6.141697940919398 21.87211071820034 25.16003558676858 -1.0
4.890346663894654 3.3936979197780794 7.523335742194603 1.0
6.318354323275034 4.7025099566738335 5.713326032272467 -1.0
5.267195190907318 24.803122955743177 14.029303915451198 1.0
6.3533625711011465 12.18714948699873 11.949952032058995 -1.0
22.864627931555958 48.18380014346434 -0.2504354812886902 1.0
18.110140038067577 10.454097718114165 26.76156555974559 -1.0
24.806350400048117 9.946034047230876 27.28546889344994 1.0
-3.1026376851593653 12.931907173367126 23.90816773876396 -1.0
34.07394317164729 21.616138579629748 25.13111367767656 1.0
5.562768182387938 32.43137290757435 18.26472762696891 -1.0
16.394640455800186 4.3091380594995075 5.881399144918308 1.0
10.296599181121884 27.26516412804702 -7.124986712003846 -1.0
8.856049151922608 24.54752856855216 12.26673494521365 1.0
-5.82894097793309 30.874170360908565 -17.030631706069386 -1.0
13.838480683508044 4.5166713816585915 12.147550937732495 1.0
16.272864956833057 24.498576295130423 12.975121406282978 -1.0
14.39805936995527 18.131419176594065 37.79510902818623 1.0
-17.463229462129256 9.21147748484742 27.87024303728222 -1.0
-3.3975659452496316 14.57729276288317 3.0255906032773274 1.0
13.68887867053704 24.0553910777512 31.650548465616318 -1.0
34.69903490342758 15.195826032822497 21.328564249513306 1.0
9.206134472526793 34.24002060192511 -5.27159011422598 -1.0
13.853284553795092 -10.617823011585362 27.57041764618678 1.0
0.7184030953569693 17.460907526410953 12.251916935843349 -1.0
1.4403940046092203 37.592806418377805 7.778607090237961 1.0
20.125322600514032 -0.368327192644589 -3.5425332968403396 -1.0
-2.450451429722694 18.845818260205494 22.252815240967816 1.0
27.841433876833353 19.414409663705367 0.8254002924138759 -1.0
-7.341898869007942 15.400998324710228 47.20671458329586 1.0
20.774972724714594 4.003638239167049 22.041449637496576 -1.0
10.844355641228077 15.251680193141313 25.187382207880557 1.0
-1.7370277031296233 6.226154977073446 20.511679467988614 -1.0
11.89946923551777 33.79502768411883 1.362804789272425 1.0
18.612460946267518 29.0079758200454 12.525795656394093 -1.0
8.480938102367533 42.57200869502755 33.61139039567993 1.0
14.328489712098765 11.318002827516608 14.271067175705893 -1.0
31.730511848935055 4.61090695140133 22.496964349710133 1.0
21.138079240067857 -10.203516420749224 39.883164987077 -1.0
-2.567066980561208 16.054225188644935 -14.039449700357261 1.0
1.215633816386956 0.022962010660399518 19.23335696779424 -1.0
28.24465293273446 47.82463342654079 10.356315713233533 1.0
-23.59383881607364 8.860016908938892 23.589626102178286 -1.0
3.2301456263162915 20.623640546700184 45.06715453119229 1.0
29.409623871949254 15.564585111218255 35.89583339169437 -1.0
27.361136770512683 30.3567625130483 -3.288676369515212 1.0
-7.024861396019464 14.247894485697826 -1.7805882586492032 -1.0
-11.136610842254534 -3.2024691916753056 8.080220163092969 1.0
16.234271025222707 13.604894520921473 28.609547433982065 -1.0
13.81345180394604 19.04529782668853 7.654105398614944 1.0
22.583627357841003 29.380121627203184 27.036114119294375 -1.0
-10.375533342677256 0.15645464578046941 33.42997458780482 1.0
10.434730158965271 18.28839536744362 10.021940776921577 -1.0
10.08450956525422 -7.002910390024017 27.47279729503774 1.0
35.95524665975376 -1.4584896198152038 6.153089599083908 -1.0
17.886455133591 11.733308823299526 23.877361018924827 1.0
20.17195439511386 14.379039000288826 26.708617470065782 -1.0
42.52241869859332 7.949782249538601 21.098605957524526 1.0
33.94421165779884 8.174255311893672 16.00603780484237 -1.0
-0.20835406236667708 29.89569117008645 18.76431868290535 1.0
-0.7644588927510156 1.882149255473038 33.32338016573989 -1.0
-19.31571679969456 -16.47757105574221 42.820336490492934 1.0
-16.440956688641126 22.638218420179633 18.058169602898204 -1.0
7.291115236840608 28.796103204137538 14.898990507818628 1.0
-5.158739692446137 26.829592468866515 3.940177526133551 -1.0
18.964543223523503 8.192364832246419 0.13319218627227591 1.0
15.224285204284994 2.3449017400272534 42.98425769074372 -1.0
15.080103163746797 8.922019501593443 13.598898615792887 1.0
-6.254203051202378 9.561125965954329 23.13964735058587 -1.0
42.27855941532873 27.347987658325653 11.896736375646114 1.0
2.2493929683798077 1.1582672177450404 -14.060653524953766 -1.0
20.793394873902535 -10.016997838350111 -1.465279292538014 1.0
1.3114193036124757 18.487685979029102 7.625892946400337 -1.0
9.258053163528357 14.906736552145182 29.270128475443663 1.0
11.405386022637025 13.076164366199434 -8.999181297450779 -1.0
12.12179767480167 -3.149086040184624 18.007674202286136 1.0
-13.51960967779349 18.18472595137257 12.968443164846272 -1.0
-3.5208788362624013 7.7052723286940985 14.230894935518249 1.0
32.090421907857056 14.803457394029738 -3.0296864530015064 -1.0
16.160049708623234 14.823309101419415 14.619813392205534 1.0
-5.04667078515487 7.335004734819614 -13.295395967838362 -1.0
11.737786588326372 9.217139937238116 34.80223898867463 1.0
19.76623112949275 11.416177696835451 -8.984577202807497 -1.0
9.025539087439132 20.862428584755595 14.709460421000157 1.0
19.774867314553376 21.009911395441243 19.656522066063584 -1.0
17.86629944229564 6.431621481907839 -11.808059041191887 1.0
23.364906104635278 10.201967116994615 11.163781048393698 -1.0
3.5869828103637658 26.75649564273073 -6.068739602891416 1.0
37.31181000450869 0.6929040417095372 15.210529540751683 -1.0
-25.02718606840986 35.800117887416455 36.61433057572827 1.0
22.596763083536157 8.93492497620136 -8.796723722564195 -1.0
42.72583079446864 22.161754244599607 4.133063379776956 1.0
-21.9920172552706 3.7124219957980777 -1.047188573927187 -1.0
8.131853982436876 10.4648111187252 10.102257947522979 1.0
23.19348321028381 19.852917153513335 20.04619971166077 -1.0
1.887005670128915 6.552771338434781 1.5173020023119506 1.0
8.58014205495811 17.36065916558271 -1.6417231281026723 -1.0
26.389021041528153 16.12326531577696 15.406408083722201 1.0
34.74132102409703 11.19431298923201 23.945914635799006 -1.0
-7.101427437353131 30.122333312714602 17.86176895139232 1.0
-8.822285740509034 -2.109462771508717 8.721658759474373 -1.0
11.768779361141359 29.18356016480783 9.056179372727724 1.0
-16.09587322554907 13.719842455076565 26.83513073142478 -1.0
-6.394927711230977 30.602190376910986 36.509505627253425 1.0
37.60310566242969 6.08254262770053 3.504559831391249 -1.0
40.369040512349315 -17.838833676921926 17.134952618108663 1.0
14.521453496348832 17.02936655286101 35.20414842172907 -1.0
9.445478710494573 22.43029372235731 7.088414389012823 1.0
23.087164073873456 17.082555339678663 28.668672612271447 -1.0
30.14386682475741 8.441130203682839 23.697463199613615 1.0
6.770645954716699 15.96123353655104 14.653884145946057 -1.0
21.035820486805832 29.549958715760198 24.761036728630526 1.0
-21.35295937498278 23.76370313685902 11.866612111302459 -1.0
10.000069353492911 25.58372727802212 8.163371115096052 1.0
-26.635526685259823 6.832003928368987 8.546695852853476 -1.0
32.16956225817144 37.70110506408753 -2.191679090800122 1.0
2.183526126626197 4.318641400710575 32.56158906655626 -1.0
27.136599827533015 19.834892354782603 39.813573381757244 1.0
32.96723573061496 18.756467555364804 7.198294598811691 -1.0
7.466184679518506 3.3957377283707753 30.04975838688788 1.0
27.305787670335885 8.966399827880794 27.25750991433704 -1.0
-0.020820634818125683 -6.009285054264861 10.583750989453502 1.0
34.095510682378944 19.178205771866615 16.320416280732317 -1.0
13.194064631704581 11.335225113058685 -9.16564949738051 1.0
12.67832539115596 23.037417704177606 -5.091746350959529 -1.0
8.644623983190403 14.01247565637396 15.89548658999598 1.0
18.31825175375376 10.442721952803973 34.779065169866826 -1.0
2.6442171953505196 18.28864322389799 28.519028342624093 1.0
-9.634233573883998 46.12721341997161 19.84606534847984 -1.0
32.65635468920531 19.752550514559484 18.638276948426075 1.0
27.179046837860664 6.816994823453936 16.138165283147735 -1.0
-6.48881526772189 27.51703385750346 -3.8407122255141317 1.0
0.8639628937438368 20.035988922327466 29.034538522204855 -1.0
19.85169879372026 19.42135396055553 -0.40592052535663115 1.0
7.0873203184207165 5.036345395429964 12.957184067500268 -1.0
-5.84471564155357 10.88620660574512 32.46319100875261 1.0
4.517889006688015 28.888598808071972 10.086258161302602 -1.0
22.157463808476162 28.497114238052145 20.013803520593385 1.0
30.029348223578374 21.28803250118691 2.827886061835032 -1.0
27.137051518489603 24.197619499992726 12.92636294735842 1.0
-7.909970073726054 12.934732335000934 20.19768102001689 -1.0
10.513259803209971 -3.317540251335455 3.7335147013807326 1.0
33.35053909894173 -12.825825328003514 8.60274897876467 -1.0
6.845471803736357 18.137408243313835 -3.936029974503363 1.0
19.097082591714102 -5.127832393743624 4.366465797159657 -1.0
28.456937758951856 10.986059737000103 25.388860268995515 1.0
16.555054831785146 17.399342746185702 39.10258268802102 -1.0
16.83984601196575 -7.199415160486279 4.669034697724525 1.0
8.226749699234416 17.493835937859874 28.68605415811774 -1.0
-18.862996941098515 42.90641988756097 30.650593990369522 1.0
36.75942642671466 5.924739202853113 21.80032565917938 -1.0
16.636800586469498 29.4980297889388 25.888184436336854 1.0
20.948440683613093 22.057526312610428 34.661024679388404 -1.0
12.395678032528718 33.10640676788488 -1.9946776454083448 1.0
32.95118359796293 0.9010251253685568 8.33993979340216 -1.0
29.822171366752723 6.8951994380740445 14.765155305161377 1.0
-10.892083423797263 27.96510690558697 0.6345864446711128 -1.0
22.89059153431892 0.9712744040537484 5.190468354960148 1.0
34.13592109783771 4.1765020105689015 21.311780688150677 -1.0
11.489946736773106 26.068645138921607 20.828784747051152 1.0
6.725561975979297 6.846310612784394 23.244355479571865 -1.0
30.278540691645535 25.437181898848745 35.30243425776819 1.0
20.959458083007103 17.867030162478756 -2.218330814148846 -1.0
9.16696282872652 11.223901839103691 1.1583201399434524 1.0
-3.0908074741995932 19.33071342382722 12.383222757494721 -1.0
20.484067952438433 -6.523041545206851 18.345204539761852 1.0
-2.3956801255977034 19.72435875415081 5.846080648363811 -1.0
20.47823383845394 0.238634788504844 27.10605118404897 1.0
29.25374904272714 12.959693573218244 28.89959160729529 -1.0
-0.3727763442832277 18.99223881443134 19.051789650153726 1.0
6.777888780164999 11.949126254429785 17.33733543591851 -1.0
24.905505974354252 25.30807972476812 21.673157745640133 1.0
-2.8539154264753464 12.033456737305343 14.56878023672326 -1.0
26.067618348814793 -0.14998463846168875 1.7890477262442124 1.0
29.94320959709286 20.130432401739455 35.49482063773548 -1.0
1.7458626619715578 -3.377295546133489 -0.6574552372117282 1.0
7.265752101001354 1.0660337795133565 29.13856899585811 -1.0
7.8403638411874885 19.818999963976754 10.181575539788831 1.0
1.6245993702572092 9.583077213529462 34.42430994566067 -1.0
18.41232863952243 24.041606355473096 23.523013393135397 1.0
15.767606097181611 -4.895861731573376 15.26101530616383 -1.0
21.50981790644699 10.732538820158204 -2.6167343768767175 1.0
6.449641693499971 3.5889392611544935 17.805655852189858 -1.0
-6.656133131129803 23.6151654636129 39.041183566242594 1.0
9.607609433836878 24.75562496056511 -3.643833357594012 -1.0
-10.054295153661432 23.029133599031987 20.575821897341406 1.0
-13.500936642938598 12.611947080027827 10.000188004007622 -1.0
-8.02759430476727 14.952179869296815 52.3716553139613 1.0
-5.8197136702790395 25.735850900798845 15.186555852848395 -1.0
31.494113917304677 13.529965990850304 10.144818703051351 1.0
10.835101199829724 29.08911146583513 11.637014416264924 -1.0
5.575380542999035 29.293117323937757 1.0210097070564386 1.0
8.015415956511157 19.451437142798337 12.508766006425507 -1.0
0.2970018164108813 1.5522630024707784 13.29471360270641 1.0
-8.243493853362786 24.79942848694884 -5.556298497464006 -1.0
-2.547035365434059 3.813455548987789 -10.479092110033232 1.0
-0.5840279303518088 22.766007078229098 1.4056282119533496 -1.0
20.262989424330232 14.859690263944376 33.59408355625725 1.0
26.900701790852057 18.58651119967063 20.775077938329467 -1.0
14.567604488382923 4.613402063051191 16.406080501117522 1.0
