512
25.557108333705028
24.294760258330335 29.007743600552217 5.976692819171604 -1.0
15.142306324587535 37.73848256524396 10.594161269822656 1.0
12.934287850808259 -5.105452392832522 28.232257592403194 -1.0
-0.8895773846940145 20.277815966342462 22.041981978757168 1.0
-11.486084042687889 26.121709625081223 5.121424740907959 -1.0
18.287866099599146 14.85204225828574 4.350583901318338 1.0
21.263176591333718 9.444593528613352 -18.39980215787306 -1.0
-12.707057267364556 5.622767808272898 4.364932396192319 1.0
41.201248140090115 27.362222388414573 15.985393503248114 -1.0
-14.777568998280895 36.71531297018716 20.5411009347584 1.0
-0.5163405601791737 -15.97826929548628 -6.356679831042893 -1.0
-17.08218555390902 -7.316594181390329 -9.74021292540742 1.0
18.265265305365983 16.112959285290145 15.758882787290183 -1.0
13.38875301722941 -10.505694344696902 9.70294412266684 1.0
-8.687358850242898 28.28815164811708 20.07094094880113 -1.0
6.815935935844559 17.057405198270143 31.017192489015862 1.0
22.379882005988854 10.972457082785885 43.091974331998784 -1.0
0.19223545751090126 14.917608759636146 4.505903453293881 1.0
18.68816651900406 24.375504103324555 30.729555594032426 -1.0
3.0513553326592877 13.583146378363551 8.555628668721438 1.0
-6.9310235783362835 12.332294988497347 2.9109080963450804 -1.0
3.8225885098600605 11.3544944901217 50.29342766270291 1.0
9.980884861334829 31.114679576152277 0.12395584891094855 -1.0
18.67448197886883 14.445629775161592 -13.100645029229108 1.0
26.382087734417702 21.948421117790136 22.004087493117797 -1.0
2.4370268604229497 16.417832929516685 23.011677306187295 1.0
24.49975471348491 -11.78964894659631 13.248013052301596 -1.0
-4.80561361658895 -0.8769886048183828 6.88829579386857 1.0
-12.6699739037532 3.681042600517466 28.768280621157007 -1.0
19.049691037970284 15.31417618530803 -5.10092242337895 1.0
29.80918311256375 0.9672080898895942 1.654542755246144 -1.0
4.520428681839521 22.531678247862146 36.39343731316823 1.0
-5.4138970809932445 33.8345945024372 13.833595848833491 -1.0
15.318674414768633 36.962606056763036 22.137746905636828 1.0
-0.30185012615334017 20.663470561014808 16.091172866210584 -1.0
16.241332174179913 -0.851276267569613 17.33287923471773 1.0
6.885305372504793 -3.535175236551652 11.999514609202931 -1.0
14.718164464786359 -1.3797102518090725 10.911586365290864 1.0
27.061573020632768 28.310714842989988 -22.688252608161193 -1.0
0.6857609486016754 14.709465996579029 37.11038495085071 1.0
32.02914739311147 10.301216641215591 5.878869082692368 -1.0
-1.3629480849534907 1.2006330812042314 21.994396809579857 1.0
33.16030673478339 12.057866276680757 16.977774488209043 -1.0
-5.8399580879530575 21.572348482089325 16.332098648507692 1.0
-4.291558076809785 23.047213752059946 40.65712889484623 -1.0
4.2990962084179944 11.137459404912653 6.300165565081291 1.0
-0.5593321058339704 8.066673164098466 7.90214597706421 -1.0
10.930216593554182 -7.88043574836604 12.93546128712139 1.0
15.43842564579451 6.700166536154559 5.486358498105841 -1.0
26.72698430844852 26.268921215235487 18.181834997139163 1.0
15.766911023072694 13.30483598187073 25.98563266189328 -1.0
40.273713886351004 36.045830000637025 17.816559796332598 1.0
16.188222959319905 21.314842158878122 -19.654705116827124 -1.0
19.174596672876746 -0.5533460045084446 9.421522168195303 1.0
38.31809952138568 14.01726146472285 12.787684077371416 -1.0
19.994059618214074 6.979060690124061 7.044038915426479 1.0
15.94392052354987 23.432930761085903 2.4778843283475647 -1.0
7.61867386533434 40.48972930517023 14.79888966471645 1.0
17.111540260932067 7.787562152900961 12.268922956544447 -1.0
10.421878080857878 10.633976130556956 17.040234416395663 1.0
10.583269675876185 23.464609769081903 -13.530254984879132 -1.0
-6.286972922131962 -3.2799598443261466 3.903178459678921 1.0
3.287876638527961 7.797389766231187 -3.46786806423043 -1.0
-4.80176983109607 25.593794158858103 16.221345109373196 1.0
-1.1082751720911794 24.48917241343759 -7.634723629693898 -1.0
-13.451129547087186 18.40808263280409 22.585670931514866 1.0
22.304799207686806 5.903433080267484 29.482471565626255 -1.0
11.730689523781553 28.67860253469457 17.42575073989201 1.0
7.332435720757791 20.463867741586633 22.65442470296271 -1.0
37.53636979012161 10.085641201179023 -15.64250641605319 1.0
12.562343770601178 43.230641676498706 36.24669418189386 -1.0
-1.2351848399521401 37.943439217638165 69.27415245284772 1.0
-7.793721494658396 5.498628246041384 9.305258682166487 -1.0
1.997241325263213 25.750087728748422 7.1501533362632 1.0
29.664075251104627 28.83291498506679 -5.042871546688769 -1.0
4.378347035501846 -1.6416487247705938 1.2321400402223388 1.0
15.57158371269252 34.25875560421133 24.010241602410364 -1.0
14.617405282143691 25.016392506130316 26.43513310978415 1.0
24.83434619675335 27.89419476720076 19.63540143793519 -1.0
-3.0496281786726023 8.99783126648352 19.633778603265487 1.0
0.0343914248402013 15.027061931366084 17.48141739991549 -1.0
-3.808069542571065 4.0816554338294 27.283012731078763 1.0
-16.27082989915177 5.158899145613944 -3.9002124760726673 -1.0
19.062908703791855 11.344786352705022 18.89350476468521 1.0
16.604697158680164 44.679211821080656 9.2088025770105 -1.0
20.946557266616395 29.092310970951402 -1.393868768667513 1.0
25.84723132952142 12.08348605217441 6.388193653812036 -1.0
-2.302034285827858 20.280525940892442 30.76298520362216 1.0
12.761196389312424 1.3228733280054017 -3.136074444576863 -1.0
-2.5516708430315482 14.237108189644673 27.649756625053694 1.0
-0.12898964503530053 5.543277087865987 36.88355107628974 -1.0
19.02863986289342 10.37649139019407 4.243657192233041 1.0
22.257295191893352 32.4418956516481 17.308083799548847 -1.0
6.119307108729783 39.450514617264645 23.986423417103012 1.0
38.983734583858165 8.436910195364911 8.495476843237874 -1.0
1.9957634102463109 29.585383955537342 11.782011491085942 1.0
11.466255003359837 -3.109305716570855 5.680180463007411 -1.0
30.631584608148266 3.127332252328053 2.9087859748880525 1.0
23.66073051949712 2.9039295729121912 1.9857849601177116 -1.0
-0.3022382301120494 -7.881294914567611 33.805544513124005 1.0
32.863034885033734 29.163457864789205 3.799948199674939 -1.0
4.362850914164292 -11.626243376150901 11.908587145110403 1.0
25.09567441451706 -5.029044743694282 8.583586279749003 -1.0
38.02567223900112 28.44333612574077 1.0398601717177247 1.0
15.744870900814671 10.897554120183283 5.236894411748299 -1.0
30.95812460148326 24.326272934671785 6.399721033668893 1.0
17.84617022258792 17.477529711100846 45.607437439945684 -1.0
5.48409735324456 9.04381041609157 21.671343058768798 1.0
1.7725824282294396 -0.4091108408286921 15.500014221253682 -1.0
12.30345519778605 29.513395088422953 -4.645996939742645 1.0
11.476718662381765 35.45429210057871 4.676078954472777 -1.0
-3.2029958866374564 0.23686032467152413 0.49833717404695604 1.0
18.287088775511506 -3.3844248983417913 10.907950851085479 -1.0
-2.3857704000484503 11.859710591393162 11.437971933908708 1.0
20.65654560061641 2.626577220600542 17.36631111318427 -1.0
-2.102321870709691 7.245311712415596 -15.546699842412263 1.0
11.08377254402597 42.34177340046742 20.70370938551654 -1.0
11.705351612450828 14.647172544063894 24.2613217316816 1.0
20.687985760545974 23.662376885573387 26.805063491357103 -1.0
2.54728015263276 -16.195213102440224 17.151925007576796 1.0
5.364054776721519 6.253864443495267 33.03867464746245 -1.0
6.969206927713817 7.078243195271707 9.382955675031004 1.0
-4.813812835072582 14.601962474777666 22.328196684628693 -1.0
29.576193830812976 14.898089328498417 15.814298305775086 1.0
5.171820551568738 12.597453883877648 35.289028505219676 -1.0
10.790817850232445 18.16388261840716 18.829948536391914 1.0
9.1135164294983 31.733320141132968 11.867813212566489 -1.0
6.937030820893759 -6.379743816596335 37.18957070495519 1.0
20.12779550274935 2.2679135637479186 0.6460161394296741 -1.0
18.310379354153635 28.602199398973838 16.312562777337007 1.0
-4.479417614459102 30.41627945966959 12.048189237779171 -1.0
20.748869103777587 10.656475527876758 9.158087614885105 1.0
-11.813872542241757 9.65205368803298 20.175056261205718 -1.0
18.70507177510642 5.521970782646495 11.85204948260121 1.0
-13.202644582534473 11.016675795064677 15.576158282625103 -1.0
25.678547717898304 22.018216912624005 19.07868178162178 1.0
12.602378863157275 5.335021032188896 7.394026903801767 -1.0
14.789406549741821 15.563726546413701 -12.392383418747846 1.0
29.04572161516403 33.58464821917706 0.7023524012721114 -1.0
-0.5782938417766772 16.38252650645894 15.201629219984971 1.0
31.898448690252827 7.280301378505933 40.91508341795751 -1.0
29.21627426309517 26.13471010887348 14.092589857604883 1.0
-3.473905942894131 26.883716618052468 14.573011594815792 -1.0
29.399023230562374 14.285206069122763 3.184990417124955 1.0
38.892894701123325 7.456113371989196 -24.070380898442462 -1.0
15.49141318822209 12.545142854140725 28.652101874301504 1.0
28.73201013890882 9.362547040313952 5.492409090959286 -1.0
19.51979261470933 0.5682445823269135 29.097059120240004 1.0
-12.567646750570672 26.593958289496832 -7.601701924198068 -1.0
24.753671181304746 39.488056902443816 8.471904751382345 1.0
-2.3654341744606846 42.30603924223435 -17.564249464928718 -1.0
-3.4951389628542913 22.00180326119824 -0.6946106037043798 1.0
2.533733133933062 10.002369166085147 13.65468122583115 -1.0
13.380961456731674 10.97635420018109 6.248891820469572 1.0
23.46250570538751 13.59015841552796 29.862041862411708 -1.0
13.213911670674625 14.89388800240013 20.33249860820614 1.0
-7.575596682597368 16.422747182495506 -0.9075634257458809 -1.0
17.12838069505626 38.07485172383984 7.495178513795954 1.0
3.8961828409356354 1.782607764085678 6.774436652742309 -1.0
14.990414973683396 28.14625642669494 -7.228319033690617 1.0
5.5141884056473325 20.660456209227657 26.509378551888204 -1.0
48.34116265609592 21.775704316284717 8.89590482350924 1.0
9.872863635574754 39.0344644395303 0.45193441262039014 -1.0
3.3533382372427862 23.227201294989516 21.099638917570893 1.0
4.836456437122241 -1.8591345018432932 23.175656172562437 -1.0
7.62380808036534 -0.941462253249604 36.2025389764565 1.0
34.734040586166586 8.20597191952494 9.025708843455723 -1.0
4.9117916276014375 37.58923166326742 18.433265160087494 1.0
3.1102115671263695 21.445078474385078 -6.612999441670368 -1.0
-0.3495374901867834 6.870927246570006 19.619983734470498 1.0
13.501409051978252 23.630079553709233 24.7366379897137 -1.0
37.53025579178446 14.579047797460507 16.461672144742007 1.0
14.244376949555775 11.895650301518634 8.341369156919964 -1.0
9.031160471853875 6.659326002703538 -11.017702093712115 1.0
-11.964089027860297 39.20889034905603 -2.7567141576741356 -1.0
42.42366975676982 40.3188411986975 -7.884024487089814 1.0
16.911261231065396 26.056143773675515 24.23550812790803 -1.0
8.515703716366193 26.462079129296786 42.199456704644405 1.0
5.477955559712078 31.839006469550462 28.311777955859252 -1.0
-7.245742741504344 29.50876629325204 22.286812391988274 1.0
-13.76947192234083 0.6215203054479442 1.2631696191556778 -1.0
5.794142675494911 19.055919354097465 24.320224040619077 1.0
17.355615599563887 4.579934791215208 -23.51722387415307 -1.0
2.2002542828681975 20.62022317386992 -0.25943506891515256 1.0
2.7036544277799357 12.007894049123427 16.998909655658153 -1.0
-10.832620180047835 23.3316021916147 22.631740605541314 1.0
5.9095945617056564 12.984368761127392 13.659106838400632 -1.0
23.642337548609017 22.71281078303656 16.331010059112224 1.0
8.297805435872972 4.235743857763249 33.653974625318654 -1.0
10.328381566365037 21.00470703141696 37.071938952071214 1.0
25.925575676025403 17.915984336519305 12.812770723218291 -1.0
7.667072551240119 -6.212372012980769 -5.150763042528833 1.0
2.471967709462484 -1.0008216205241354 36.87381364074622 -1.0
8.454200208309796 29.68815666989503 -1.6707992492037391 1.0
9.141031131407198 12.817824630231737 29.82106080279567 -1.0
17.5646067470032 -19.973403461295533 4.456031974141321 1.0
24.557317786687197 -21.043899566366928 15.714546203507151 -1.0
22.55304112625139 9.167989386948985 -12.546732465654829 1.0
23.995714093169852 23.22803178103865 12.5752221483974 -1.0
13.976456441589995 -17.89736143890376 12.839914558957858 1.0
15.529253860152492 18.6860237414598 13.895287830614487 -1.0
20.86470701092237 15.374841047737668 16.76286992109391 1.0
21.59117819462402 49.73913905810048 9.666871671637878 -1.0
16.807235627510856 36.214632413511985 26.109377396012928 1.0
28.540142066724144 5.900128223685733 39.39608682835464 -1.0
10.041060387526958 40.0419350459278 5.76927393681784 1.0
-1.0454780336107135 8.103723287044337 13.961663885712797 -1.0
9.255914186891749 -6.360117120667834 1.0512312167341138 1.0
-10.837679279612525 8.625985582101064 15.534962709060311 -1.0
21.038111904039027 23.34335188251204 37.88890817871713 1.0
40.736685712043396 -1.9972513264702343 13.810410077969046 -1.0
46.40507104212051 11.893823824550221 21.91854629933415 1.0
7.898096804337734 9.120140423553691 2.6046654391335244 -1.0
18.520641198657216 9.940587335969395 12.327600544336544 1.0
17.224142580918702 21.266997920464803 -9.530189805143277 -1.0
7.131483678384397 29.44034147300591 20.427035260091586 1.0
28.741364247339284 33.60787465245514 10.10334505287218 -1.0
2.491460899188286 19.790490196264386 16.895873836698517 1.0
-0.49439910038889323 25.3220281423118 34.29307263781079 -1.0
1.4602582483738407 33.5343087672568 12.926100419709515 1.0
-5.141629190244387 24.927349402635745 19.44946966256218 -1.0
25.390831672973967 10.5305708852619 33.94628537909093 1.0
13.189737882403346 39.36522631421743 29.782768380361546 -1.0
27.91652627563036 19.451540354108882 20.465070946481493 1.0
41.19525528281568 40.392360350230774 10.916342762480511 -1.0
19.58373252091817 17.818623169604173 27.446400945853405 1.0
-0.16987523057355958 39.16285425160294 21.063368345712323 -1.0
-16.397995456478235 -2.6022049767775677 6.419783213608566 1.0
12.643205173225294 -7.5678502120200655 31.014428513703972 -1.0
24.432493547679968 32.51483913374294 41.48192717200772 1.0
19.18735352941035 33.089738476763124 4.647537780623729 -1.0
19.725821606506894 19.044206195065975 -14.829387486694154 1.0
21.600890677977308 19.46885958110439 12.141914957246405 -1.0
31.40056999045432 30.281596535922958 16.037208373191888 1.0
28.05443490828257 18.42609624897084 27.451569628532802 -1.0
20.80204556741711 10.49579524609856 15.765932585905157 1.0
15.601519072648985 17.218489160127138 3.2968720365568034 -1.0
7.843432223993861 5.665257246478736 -23.393369497948406 1.0
-15.307882057846834 16.22371042741179 15.74206509442832 -1.0
-2.6332800576712927 15.83746568947441 22.162045498241042 1.0
30.630660474974853 14.522428474980504 19.69258077670665 -1.0
3.8439652211414295 3.831932135931381 8.571222789334723 1.0
34.12896567411143 16.45021486122511 11.303384565971104 -1.0
10.682739356120535 4.070393837158528 9.245379585760936 1.0
8.247581042533312 -11.467031848318257 7.759587069940699 -1.0
6.686342859747374 12.922444000310472 30.90418744982133 1.0
14.933183578258394 12.845152623353446 18.703772709209847 -1.0
32.88265521572019 20.55858064251825 8.718549798524375 1.0
-3.7164080113538027 35.289325273400905 28.945935909051382 -1.0
4.961070461024725 32.72060368156727 12.849019955868451 1.0
-22.430955051752026 39.506294619266804 23.741638913454917 -1.0
27.09654299905741 1.6049788837628578 0.5337322282725295 1.0
34.33939315587881 -6.751542552067381 13.339913544817621 -1.0
13.819465310930365 20.316691666113538 -10.698238059165673 1.0
21.753705919355152 -4.151028020243206 -7.651423277824634 -1.0
-10.395484668810116 2.9665025577045796 28.92552730855546 1.0
35.69195931092956 -19.24841849259085 4.08443909804798 -1.0
-14.625078746844403 33.57171570273364 2.346392861720773 1.0
-6.258769912628576 38.7890335862282 6.678408918040142 -1.0
4.811632008947238 18.064348301628165 27.585799071069715 1.0
-2.2793093599469216 25.18052004242864 23.853871120670902 -1.0
9.646205399324995 29.6860249707313 5.215630184251653 1.0
14.080254757608095 20.65508811960303 23.76620623990952 -1.0
-0.3670683159077548 17.00208330934325 19.15245718045374 1.0
11.398709765748263 34.60907252464088 -1.4867088748840551 -1.0
11.111434746232394 20.124044130041423 4.654809475782009 1.0
43.19906215823862 4.2633096162847774 13.703376530376495 -1.0
24.552929012941515 6.350721896227694 31.647674330049753 1.0
21.415062880165078 6.42032764560317 25.49778003762622 -1.0
1.5817351253282346 8.086413379344481 24.56821485694087 1.0
-0.7554031441770093 15.471435136353348 26.46712935961316 -1.0
13.360516736150911 9.823102790275808 25.53428451377697 1.0
31.86475418324457 15.39046948078224 3.57071369367826 -1.0
9.039294071200658 11.697154928984888 23.97287663212366 1.0
14.219827048171107 21.969258867052602 35.15129049711511 -1.0
10.88277658682885 -2.0499288751956968 14.806909652096541 1.0
17.12401976196724 38.02216321473563 38.55623362401708 -1.0
9.014379187818271 9.242337233965909 11.43790841670088 1.0
3.4676029918796285 19.346009369207067 -2.1198218335003283 -1.0
7.3890582133287115 11.124739717300697 39.9744463792934 1.0
5.228395827801275 24.4432879907544 40.058257556733096 -1.0
-17.591844972373735 37.536942752689626 9.726660533595101 1.0
8.971490050247466 -2.495033271595368 16.306726505540105 -1.0
7.86460065553564 3.2436599593429016 12.546369284912098 1.0
6.339301084665933 16.569593119510962 25.65295602889267 -1.0
12.550015818871563 5.886821592890023 25.511622596779016 1.0
26.06057043294383 6.4299216424377414 21.67744518962113 -1.0
12.665965827541545 7.257920860336124 -9.831563090764583 1.0
6.908857108317514 21.672481823122794 6.012878138068003 -1.0
3.087705528581947 6.97393131688001 2.9331412666541006 1.0
20.715995255480472 9.270942608733334 21.30134910907667 -1.0
-15.877518557079362 32.892110423810564 -2.03940867093511 1.0
22.52046983797349 17.284833448391787 19.416720371738503 -1.0
-16.22092238126151 6.239902898508502 -6.674696374762782 1.0
29.07029191795681 17.58006363758698 -9.521587967283562 -1.0
36.58559691314124 26.154813547649983 12.057168033541599 1.0
-4.422175686510194 41.600302330330194 26.771060293883647 -1.0
11.382438246385 -0.3748438964790495 24.08072544966167 1.0
6.700388014914072 36.689003648989086 -2.9574279132750014 -1.0
16.93211855495995 -3.655670894091074 9.015445053474703 1.0
8.978702643999867 24.81103342978663 23.057226039322963 -1.0
15.870546129919314 9.199206779525108 7.7336308229156625 1.0
10.316417946486036 32.16303840365997 16.563263118994314 -1.0
28.21337593087672 7.300953548537427 7.319174736969206 1.0
5.0278860961335585 -1.1850032311031313 29.4758842797843 -1.0
14.535633247994 19.880800501204348 11.291022678916898 1.0
0.07053936818908951 6.732103035744418 26.408355013610798 -1.0
29.075594761610816 10.451516376995944 10.727337711943685 1.0
-0.9307158952721402 17.764497911525325 -2.7776981060017825 -1.0
-0.5910118499784431 20.838715350822735 13.503506497617549 1.0
22.127516366838424 5.119371880771694 33.573616695539066 -1.0
24.767314429334814 28.61236424685319 8.764492435895319 1.0
1.8725175141404515 23.729481140446246 26.0945144447846 -1.0
-1.0625853823768878 -0.23813568527477003 11.30593727679111 1.0
9.077168149466088 1.6165249793112113 10.972711242651974 -1.0
3.5901604986090776 23.209467315178518 16.95055203918098 1.0
14.117451383759155 10.1644220155862 11.999544415941726 -1.0
26.96750085401145 48.88398394599896 3.0475274456843153 1.0
18.797916202387135 9.073813953824558 26.785391514442292 -1.0
23.79796393707219 8.112392770104385 28.16623712525215 1.0
-4.491942947705542 12.567425614636576 24.999957226528004 -1.0
32.30419726944777 25.928209988769765 22.056590260855106 1.0
6.511468410394138 31.582708359703442 19.399783478801382 -1.0
11.740192144627082 1.2614571039975737 3.873807100071472 1.0
7.062896378108787 25.617593379285186 -5.866926775618801 -1.0
10.867359136605646 22.227655973858745 17.984951979278453 1.0
-6.379405652185664 29.013385019530656 -20.383104063441255 -1.0
18.830599593450966 3.2197224731742855 7.526251216250059 1.0
16.161131165153375 28.75916714691252 6.948900985766388 -1.0
10.755177471830958 17.943215085229706 33.42315015503001 1.0
-19.60481955726459 12.268805784388965 25.996534459435928 -1.0
-4.801774703441204 11.006327457412837 1.6092671088803323 1.0
11.272629969939379 27.747309421632153 32.22240293609741 -1.0
32.957741059098446 22.70037251597443 24.257200454168256 1.0
9.696793992508223 34.376192034780516 -5.7370477716498485 -1.0
16.35316622172198 -7.709929010566977 26.310830722812707 1.0
2.212312312732224 14.717246918155311 13.540298103239254 -1.0
-2.6599621019657143 36.892383760515045 5.926000554860129 1.0
17.736693432067042 -3.603763297070742 -2.5225004107043354 -1.0
-3.3255957777475693 23.16683535460398 19.5650653905359 1.0
28.787942074086804 21.362718987041887 4.808106341499367 -1.0
-9.070088534499273 19.160845106868567 44.01344115160947 1.0
20.378181030287823 4.230720576771084 21.16142910859186 -1.0
11.097519019457287 12.553634617657293 27.793901119844513 1.0
-1.615951193713446 3.1930777283575025 23.826709033630006 -1.0
8.864286640160635 35.55217913709412 4.8706344001561845 1.0
18.98955824913924 25.57604122446296 11.963733788817327 -1.0
9.556144809905613 40.45905810525058 35.330831737422145 1.0
14.635912136045286 14.877243978332247 15.798147766057616 -1.0
28.87654617838369 2.144995027389173 23.371050734305925 1.0
22.842433670693833 -8.057887254040196 41.49211087436481 -1.0
-7.771741081438304 18.487778867364884 -10.154539728844926 1.0
1.2598693367294884 0.99129755272039 22.812835700109293 -1.0
26.74811366228176 48.215254241244835 8.76950325793607 1.0
-24.366585511666223 10.853362772197418 23.798638433825328 -1.0
-1.1154281652405516 18.394753659579184 51.085932294556024 1.0
30.32764121137948 16.893597332032083 37.203139830270956 -1.0
24.498671343204165 31.323383079996606 -1.9180330666468635 1.0
-14.368886585077028 16.86871034462576 0.02102671990948069 -1.0
-9.212307396724675 -1.4783272262686147 6.094960668024522 1.0
14.456690985169029 10.682606464620033 27.533601304708313 -1.0
14.407373628501789 15.943849516249855 5.049312621941948 1.0
18.147598271405613 31.37688803302392 23.916077702874674 -1.0
-11.748842859146322 1.6656370237806184 32.89588038630612 1.0
11.395434877868885 14.98968343951073 7.927814243407553 -1.0
12.245172125767745 -8.944721977591673 27.927339940369876 1.0
33.66394693253764 -7.738526015656294 7.950735826953571 -1.0
20.310093056422478 7.405063483330537 23.46206588301404 1.0
17.8857568510292 19.733715129803503 26.86575405716312 -1.0
40.02232267451467 12.37271711259295 14.605405457732015 1.0
34.817334419293616 9.44909818371575 14.447953047483036 -1.0
0.5919226518789504 29.28791280802428 21.66161638349786 1.0
-1.7942018224188345 2.2543737995216993 36.934178240234644 -1.0
-21.405142711456413 -19.71800710388763 45.96689189571881 1.0
-16.00698716558056 20.636015265144994 19.27013610363164 -1.0
6.872418497454688 22.607271458065945 14.60657090550083 1.0
-3.0611637866371844 25.424681019693093 4.10710885907442 -1.0
16.19578398092574 6.414138130436334 -0.3869679134022874 1.0
10.803577297988433 0.6175670476845196 40.11229708586036 -1.0
14.653732717439338 3.6495436904012775 13.228853482862926 1.0
-2.6428206473504474 6.471019220987103 20.695786010040656 -1.0
42.603626205279696 26.257011042807243 13.22482854695124 1.0
3.8123051860171184 2.7714599413185788 -8.805856257467386 -1.0
20.0974700128402 -10.868962592157333 -0.5265126024612776 1.0
1.2709895702018899 15.809540702492944 9.409681255702484 -1.0
8.41628016466367 15.411717450702422 26.93194515669326 1.0
7.790118908171201 17.403513543408465 -6.9645064107146055 -1.0
13.359923893504927 -1.74011051263966 19.340699426037247 1.0
-13.234046520706789 20.315957077160668 13.03861871958422 -1.0
-1.3641387841713488 3.7763432877654144 13.17269021840004 1.0
28.701991390024354 17.055961845686564 -4.991411705929984 -1.0
17.01624152483404 16.548521096472438 9.565370671509926 1.0
-5.686343536310289 1.8059917512953387 -16.50545642402922 -1.0
11.052558998829156 7.23625084491251 33.2955911951714 1.0
19.59245176397119 13.333637352457016 -7.643252118068503 -1.0
3.081308662065337 18.07266441172845 13.542955378730795 1.0
15.828839313980849 24.026524242470387 19.828208048196263 -1.0
21.14774137522064 3.8537227677808277 -15.515025705015075 1.0
22.829432597327003 9.754583326319091 10.372732958712369 -1.0
4.5969952125853 26.72219179383114 -6.82447974867004 1.0
38.20092775653373 -2.824051833812213 16.572795197560914 -1.0
-24.186737850330474 38.204202906506616 40.266906507441185 1.0
18.323153831807105 10.166766525268699 -8.75903139448534 -1.0
40.900842908713344 20.85657738866528 2.7545112525687157 1.0
-23.22754948953862 4.55377894760309 -1.358212932197624 -1.0
6.085586352227969 7.773338824780866 5.053873716891414 1.0
22.430725422454145 21.25652633938139 21.679451009067765 -1.0
-0.36867349170815444 4.414244007226926 2.4022571976861244 1.0
9.759838072387032 21.186598296508084 -0.2263319434275317 -1.0
28.004612713219633 14.46819578955684 20.3495013543153 1.0
36.444234742931094 13.501876015262694 19.13569973390261 -1.0
-4.71955132528392 31.20629185863352 19.483092726271487 1.0
-9.64688833253479 -0.8676581524268272 8.675110414949582 -1.0
15.28999237334586 31.24911079325001 8.03556499832301 1.0
-15.860564740960738 13.700561891596275 22.58283521604541 -1.0
-3.807921709256277 29.630462883703146 31.30082348175605 1.0
32.49601221533687 6.852920799797482 -1.196362017545603 -1.0
42.61924140720586 -16.949271683228694 15.27998129406902 1.0
16.525147854328566 15.863761216478576 32.32781048219332 -1.0
4.838526713234508 20.162332767935986 6.5611874296442965 1.0
25.231320463099067 21.7083314126486 29.523241497435365 -1.0
26.727144671931466 9.177700926846887 21.431999333344045 1.0
6.0439864108352985 16.02862094925713 15.656685553626259 -1.0
17.57996878277591 28.22228414278802 25.84204392211597 1.0
-23.894067275047544 27.623596819764312 13.645420372248283 -1.0
12.5692094446685 22.439922127950748 7.794404412230239 1.0
-28.37602029046036 13.06902274104771 8.966249860463805 -1.0
34.359978590596555 40.430150286239524 -5.450358724861747 1.0
1.4536624320806988 3.078470097060408 35.1675045563658 -1.0
28.09341916436931 23.083383123221783 38.918126872738036 1.0
30.280711464406433 18.34856526894008 4.872207310192891 -1.0
7.579069968913576 2.1996679901411165 34.40092382538441 1.0
26.04649335113001 7.18637869682888 29.628423779714524 -1.0
-2.1922857133484044 -7.9752225674211985 12.75074721598324 1.0
28.696537420209665 21.403125061630472 15.08202676956568 -1.0
11.75040275372109 11.652284185545145 -12.519848569996984 1.0
11.12391872136653 23.888325567826257 -5.03000951584422 -1.0
7.173770807364015 8.729351666527391 17.964933090344076 1.0
17.91587137863377 10.415580647135418 34.73229322351059 -1.0
1.7100208769348166 19.186483519238756 29.70140007750317 1.0
-11.708653829294208 44.688116424436885 17.95553189099664 -1.0
30.783509093338218 16.759667359648443 18.57872615171653 1.0
27.466966881776347 6.563729935915566 17.763568037239597 -1.0
-6.432380461794793 27.46044782357191 -5.872577960967387 1.0
4.1953198255470365 13.541789561690639 31.596577198793582 -1.0
16.609266901063094 18.945625893473537 -2.657341564439516 1.0
12.96823884633814 5.480766602221717 13.044107447057762 -1.0
-10.674667834202058 8.670424854603054 29.314692252831268 1.0
4.668915738293001 28.31957733761755 10.974715750325064 -1.0
23.3734458334882 28.159198629693016 17.380649979370066 1.0
29.188845025402134 23.379927707171053 7.911041444418868 -1.0
25.29527379424901 26.37108701943841 14.460483002098071 1.0
-8.07750577889168 12.578267082901952 21.52621298948231 -1.0
5.5242166938988415 -3.8609293628889176 4.1324881991284235 1.0
31.9946201427083 -15.816233957078378 11.75158855847126 -1.0
12.235846851523027 21.290256435685507 -0.13110568387136112 1.0
20.747520170736312 -5.46832238436232 3.4527818877880807 -1.0
26.00150360737291 13.586805866268252 24.640026576493543 1.0
19.877422819853575 16.279140252719902 35.76686059978243 -1.0
15.381190522936617 -6.5556369245034105 6.103995190482958 1.0
9.452829059108671 17.647564522677385 28.410995995248904 -1.0
-18.954441651798852 42.031884094916535 35.50797102979981 1.0
38.894198106943506 4.710376604213908 18.668287865114237 -1.0
15.085183893579936 27.19269878530551 22.535729190266938 1.0
22.599294858526257 22.401801086065536 32.20216152140185 -1.0
13.329209432728376 33.31830712283611 -3.773042669470165 1.0
35.58604790122573 -4.605849771637967 8.334765547000702 -1.0
27.695640088639806 4.759582564616684 15.816881881500958 1.0
-13.01716841377596 30.88939541519014 -2.8388787824528166 -1.0
24.351858754673614 1.6994479409392778 4.055722715658896 1.0
35.219510045327176 2.666528802107901 19.089935355170574 -1.0
10.89098475033971 26.433210195043454 20.228194297367356 1.0
6.6171827733423445 2.686188079523395 22.94861790090085 -1.0
28.743507393234488 26.17333573686655 35.74532617973345 1.0
14.642727172763585 17.242416565298925 -2.9311003863810043 -1.0
5.871478751119915 9.230390385106382 0.6312208375324698 1.0
0.14828314663984343 17.932525502442925 5.629335751104039 -1.0
23.064187628363022 -6.188053222355165 18.06070288785425 1.0
-0.916366576065549 21.057219315133217 -0.7452293749539507 -1.0
18.12122677595423 -2.8685871338616273 25.48441693246058 1.0
27.178609748872727 12.952713382145033 28.285109533950635 -1.0
-5.028406706328816 19.58457501187352 20.1870384849549 1.0
5.15244602011329 9.173695816528433 18.781232515243342 -1.0
25.98812073487886 24.10292164397362 24.048991876150478 1.0
-4.68906655178132 11.268778415192502 12.822758273688356 -1.0
28.928804988108794 0.9304314202828357 4.382632027544718 1.0
30.736994268897575 19.794768043732823 34.44397717637301 -1.0
-0.8736113159250714 -1.5993192827016252 5.459564559894269 1.0
7.494269438696127 -0.14280404868773644 33.76357272851319 -1.0
1.7633729474648345 18.684995523272484 9.53881881692778 1.0
1.3087772416627148 11.906970150241463 35.7291018007395 -1.0
17.56026741619415 22.358801313846605 20.401448168533367 1.0
18.6636965751155 -5.121924227555116 18.965887947570202 -1.0
20.384583952528516 7.201787951510179 2.3637260404715636 1.0
7.569510652546993 3.1306388595182493 15.015552483349238 -1.0
-8.283137828039415 22.290229473874373 39.07756238184628 1.0
3.1509509762259573 24.78206410842238 -6.539376360267955 -1.0
-16.936390191770297 22.998416540599404 21.10454703066636 1.0
-15.289137864053773 11.515914574712255 10.759952176766898 -1.0
-9.002018094054083 14.255718722924641 49.23902132457448 1.0
-7.390427967672746 25.109946216637717 15.477122644667979 -1.0
26.50698622093882 10.429286767068463 4.257657301090403 1.0
13.88568140723536 26.99578482712004 12.048289083799867 -1.0
4.388512847106745 31.22493158229185 -1.2661000380431915 1.0
2.507816975233765 20.953162962284434 11.20867339923016 -1.0
-4.366396702521126 1.4597801588817696 12.17013600881835 1.0
-10.555601563344236 28.71214979707771 0.10277096821099097 -1.0
-4.595310705027909 5.977826885353062 -10.622402999219124 1.0
0.9663854063527355 25.23412075059073 4.928920442296827 -1.0
21.024634526862272 15.315064629474017 33.04725229260114 1.0
25.418541972264393 19.557349691507216 19.31754266351594 -1.0
13.769450017408602 -0.10522719042877782 14.782169867013868 1.0
