512
25.557108333705028
18.260481960999513 30.01893385936851 7.335242472725567 -1.0
20.741939828635758 35.86529956977245 14.33011874014313 1.0
17.995516008904588 -2.5444086482730235 26.20269297470851 -1.0
-2.175023107872658 21.062406292359878 22.623120976158063 1.0
-9.95891119116439 25.657429825035884 15.609510138832597 -1.0
19.432752939001677 13.9180962336794 -0.17071179656218405 1.0
18.988070504454093 10.245669502021732 -17.29479177998785 -1.0
-16.049294592069202 2.736099066981823 3.262586304316486 1.0
42.56293709775238 22.085973449673478 19.8646077776609 -1.0
-7.329297182313841 31.32476692821694 21.89322920218569 1.0
-2.779275318563222 -16.055347697074076 -6.541989562756534 -1.0
-10.415245736458495 -4.295146160979556 -9.647198990966384 1.0
11.319208309386633 12.956920951323928 15.94272327734796 -1.0
4.465567767307992 -10.919566569018672 13.258586759287097 1.0
-6.140179216295305 24.305280520478046 16.348976015022057 -1.0
7.705618853487932 21.470004554918773 30.169796472897833 1.0
24.870128321284515 12.88347233255866 42.0351218921336 -1.0
-1.0014114408285835 19.4266426924749 8.596351392348454 1.0
21.095454516010275 24.222240810500256 29.499626838385797 -1.0
1.0351676398351328 17.975716794943544 -1.5660993753292658 1.0
3.1130238009071443 19.547410518319996 -3.115321861577023 -1.0
3.0261223456069763 4.830427123597303 42.395222665436506 1.0
14.023920843309488 29.901716374692633 -0.076277595935764 -1.0
16.828185952399373 9.665942778900728 -5.376432836433661 1.0
23.857858775866273 19.349634950515334 19.855528179930797 -1.0
-0.9670198809745578 16.430469682058963 20.253573352940823 1.0
26.069455298806577 -5.620834362301444 6.789818396937761 -1.0
4.475210729460524 -1.00476994157626 8.151907642996763 1.0
-2.5810768890020945 -0.13168048789735565 33.63028516994241 -1.0
22.584686413526995 16.68861849650479 -1.384525659968837 1.0
31.1754412480046 -0.6314278127456276 -0.8349362221771415 -1.0
12.689285314755654 23.508144024566118 35.383181931671764 1.0
-10.22553218730113 32.56489645541234 16.18495012477998 -1.0
17.632569205975063 34.541605737940586 15.908598741086744 1.0
-1.076071353767972 18.835795636813604 11.049697866846094 -1.0
21.78590099231846 3.055254113533118 14.261569446291839 1.0
10.309272571835841 -2.4129558396268393 8.763587356837517 -1.0
15.20367187006738 0.13178794152838708 6.337146520992835 1.0
27.56705924036266 24.347412418191414 -17.653680250980123 -1.0
5.960614205139931 14.467884210661865 35.598181393715045 1.0
33.890199600361825 7.124860798158891 4.416718986701796 -1.0
-4.350116223587584 -0.8244380352372254 18.01080474814232 1.0
31.475732076761076 8.790918533351379 22.585247103729387 -1.0
-8.39127573789143 17.507418251993457 18.70965000594991 1.0
-1.046425053176847 20.205344770838476 39.9896436021823 -1.0
-0.38398762672754927 16.965128972969687 4.959561495766056 1.0
3.329157436390387 15.40772441783246 11.118874756153433 -1.0
13.252911896704019 -11.827672723501626 14.306701022175355 1.0
17.469341265944173 14.064384642275328 7.1674479730094935 -1.0
24.579112869421795 25.91955934039198 17.54743080168476 1.0
17.751565309251518 11.037654712143002 28.780028641618117 -1.0
36.08496588577683 29.50562935344959 13.894201209067093 1.0
13.183054245865812 14.135130214160656 -5.157576851336458 -1.0
19.05555348340709 -5.981171382614928 13.145123498165194 1.0
37.14079588066051 14.299816138693071 11.980030277304522 -1.0
17.90564825201707 8.490700998974605 10.019005472432914 1.0
12.37006459009737 25.225247569707623 2.7818802608678945 -1.0
14.072552684411328 41.535378385842996 11.556383085519146 1.0
8.344966156656456 5.127218444092865 12.830352590999338 -1.0
6.856652741125679 19.640444043422654 17.233193524182003 1.0
17.098220988460906 21.29985118104345 -13.383625844684172 -1.0
-4.037531362805385 -5.2564985586771655 4.339676144833519 1.0
2.1894247947711243 7.06585352519979 -7.458795247077759 -1.0
-0.6166251235510352 23.175978261297995 14.687319078420094 1.0
-0.6520177399542746 25.454866978628758 -5.700158741238834 -1.0
-0.5793465440374597 17.793357502684714 16.405745260801588 1.0
17.984889650623057 3.445747994280995 27.94684693596713 -1.0
13.119693457067529 24.411667225409904 17.619324756587226 1.0
8.196394660759555 16.467651026690103 17.207920002795827 -1.0
35.513523499412784 14.689584330643955 -8.585453522283807 1.0
11.785415863709215 38.51628780844022 34.06694267529585 -1.0
0.35126905096636196 39.91769964539007 65.00463504942468 1.0
-6.737439492274252 6.119435648388723 19.55896115641145 -1.0
5.696970382286666 15.557379408377098 -8.987516605710518 1.0
26.536547106879432 29.380844421017265 -10.363557960702446 -1.0
0.7217839758533473 2.432437647210864 -1.8158122226506102 1.0
20.931576583294706 32.6512362995647 21.885631440934116 -1.0
19.73468913684953 23.12233277993335 20.92781813877047 1.0
21.09012672152822 21.838760564141403 18.64661255296364 -1.0
-0.12647665678260722 4.677092741064481 17.656668117607914 1.0
7.267991594244066 19.542642308506842 10.936048765191853 -1.0
-3.1255497844099764 10.170732466992117 32.997299676968815 1.0
-1.1767248577998437 -2.4260481358651305 -0.271010138196182 -1.0
27.681820745811628 11.368159176792838 11.753997486220657 1.0
9.743601372989056 40.4310339806122 2.1756813511177264 -1.0
23.944453788959724 33.051917801556556 -4.327166049557299 1.0
30.160872055030538 13.201397380049604 7.620445970404725 -1.0
-4.81561512793213 19.690098786949605 32.92607365584777 1.0
8.08610557752936 -2.137115592729444 1.0758203260383805 -1.0
1.716436991863136 15.414930388468749 26.872800772820792 1.0
1.65576499721183 5.379024085381711 33.76885979642398 -1.0
16.658201693811264 11.524077671127726 12.497709621456913 1.0
21.846805904471267 37.77249701306365 14.40542572809903 -1.0
10.584154019624103 39.7282960622005 21.861309294393237 1.0
32.393184064968324 4.256577822845765 20.221259950238377 -1.0
5.878590813216203 18.012053478577734 3.3945095451353624 1.0
5.4547334920260955 3.1493627245721396 1.531417268770443 -1.0
32.44185200604072 1.2391889288579203 6.490345512724624 1.0
18.84218683986029 11.39795329362338 -0.1892223150245691 -1.0
-3.0527353306158496 0.13959905343060536 28.442987202344327 1.0
34.55764515252459 26.621276874675903 1.61652322707987 -1.0
-1.4954874354289984 -11.8830354315426 8.329079891117763 1.0
26.875137803688524 -1.4618361346862443 11.977394270878218 -1.0
35.87698847602671 24.11408314043998 2.0008049511363253 1.0
14.2048551092309 12.05282608209368 5.276700863090284 -1.0
32.945101820081575 30.665807680353797 2.479055492950862 1.0
19.05030148124282 14.21444005871509 47.24676047780544 -1.0
8.344035244190458 9.923561927540993 21.72232572594863 1.0
1.1487277137813199 -4.563448389531384 17.50991906155742 -1.0
17.182782269843727 19.755482502811475 -3.998038653436918 1.0
7.815244958498113 28.97386923965249 5.087597171496059 -1.0
6.9236250395960965 9.00397305800031 -0.4331594071560936 1.0
24.711889468158667 -3.018741602172181 9.847132210602343 -1.0
-0.766868794226788 9.140947780881593 10.635529873237045 1.0
22.54269063690362 5.534520402961815 13.708975799483182 -1.0
2.53499126435345 6.967605790734741 -15.472151446424611 1.0
16.5980802739078 40.67447059226111 23.837457351745176 -1.0
8.798110357263056 20.51972151568116 25.775956561275216 1.0
18.609513878376323 20.140209470173744 30.162159257398518 -1.0
3.597614339461796 -6.731775256023937 12.85846590880285 1.0
4.652670167184391 3.8578432629209787 31.711492573162722 -1.0
7.124549489647054 5.689861829650827 6.666878797432344 1.0
10.207413745629509 15.981035330532919 20.103383630681464 -1.0
33.35393273482269 14.997134662009076 20.03868878296419 1.0
4.952328935660612 10.999049768198667 28.465640213601915 -1.0
11.363771967930004 10.207621575635077 13.551789889378766 1.0
6.837607044895549 34.56785640301594 6.720703139988707 -1.0
12.233836192708218 -4.577863295280778 29.920531422347423 1.0
27.569362375071243 -1.3718774354162768 -0.8430196132251204 -1.0
20.26934893797886 33.41117012678286 19.765860954721116 1.0
-6.090240516154594 27.743125439710035 14.268835034343708 -1.0
23.459312027457496 12.738813819563426 12.576530403100053 1.0
-5.682693321080993 0.23591019489894263 25.687116597535972 -1.0
26.89836577275262 2.385913335584511 7.0462495602458874 1.0
-6.666410987182459 9.974860421408687 18.61186753497554 -1.0
27.978455895751765 22.61943724172134 16.443492938384132 1.0
16.908086553964115 1.6911210786041786 9.564187012030288 -1.0
19.68918591724401 15.139902197701902 -6.110364541239264 1.0
26.680060236716493 31.03000041929107 -3.4511144030022898 -1.0
-7.758040433570475 12.814301600138329 17.29323876054074 1.0
33.24809210079583 3.823797944916133 34.388068009379296 -1.0
27.05507660822115 22.367712639739516 9.968911380607972 1.0
4.366063200680182 27.080670744570018 13.013765972951 -1.0
24.58903657972282 13.393836116164604 -3.0271317703481238 1.0
37.31655118069199 9.14638979186037 -22.687873126574015 -1.0
16.423488477351242 17.446778867996713 25.44669838261843 1.0
24.352297006747246 11.072463775798639 8.630249985356311 -1.0
13.628809263931492 6.515080994405228 28.321062039242097 1.0
-10.427498047192994 26.029812809495468 0.6779010350043895 -1.0
20.40249432029026 38.834338580058365 5.151610689058407 1.0
0.38646164035533614 37.413534610817194 -12.347698803202238 -1.0
3.1964165961052524 18.64302334730334 -8.723622677368752 1.0
3.4561112668311136 5.803503792047435 14.082708474647186 -1.0
14.000638856707432 8.513668189875407 8.666715276149242 1.0
24.905984444358804 17.724718146386117 27.999932582434987 -1.0
13.177310345796975 16.902144745810727 20.528222795661403 1.0
-1.0792776999974514 19.285575356454338 -1.276625350885201 -1.0
11.809264884805042 37.38124770953645 6.418053290599241 1.0
6.4736978651030155 -4.843097144215786 -0.9368465586059322 -1.0
17.446647315836806 29.33872415399169 -0.021413770619737704 1.0
10.018629510468186 22.36298775047336 29.96200871835605 -1.0
41.365239820460395 13.98486174009084 21.02033390481365 1.0
14.772187149940752 36.35600295981905 -6.962223350060885 -1.0
4.6201007996024614 18.64353109128895 24.33010540483317 1.0
8.08958911866877 -4.372861746687555 19.095927548906378 -1.0
4.971289433608375 10.516770243278698 35.123046345044266 1.0
27.695605934921673 9.325554594371464 9.703251587827488 -1.0
4.1270335402597 42.1897099413972 20.747413238993904 1.0
9.922856046115532 19.391957495415394 -10.511701546258015 -1.0
3.171404923888108 3.9819287345907464 20.93887473132632 1.0
9.298981510773498 23.702276420096013 21.53792877722543 -1.0
38.34612600791864 11.207715647235025 16.996774795565365 1.0
12.336938152391717 5.690795509923665 13.496943103279186 -1.0
11.148433204225743 5.319242983962436 -1.5785690181507732 1.0
-10.409731950848395 37.32554276991311 -3.3156156517167794 -1.0
43.67609408380421 42.32742255555358 -2.9147108736564284 1.0
21.850533348451837 23.204837118720047 22.6292199949491 -1.0
14.20025122478604 20.808402208570907 37.46150892773508 1.0
-0.2114521116299457 26.686331239639877 26.949388615029562 -1.0
-4.178163611208561 30.295869035892405 20.206603112782332 1.0
-13.963151529976624 -2.559541013799244 -0.6773221683921911 -1.0
9.157125405610152 17.91900551621276 21.692719715081946 1.0
21.850440786814957 10.838904459741148 -20.723356543350654 -1.0
5.210645526401973 19.87338447475348 9.409257235601256 1.0
4.767159022037392 9.177510260488203 11.92465538791126 -1.0
-15.651166753445093 26.52754284204681 17.356376189394386 1.0
-3.193602872183334 4.209876499320677 8.896499612592484 -1.0
31.511496187203917 20.250936966343083 20.86549486691652 1.0
12.618068572423763 -0.41201521320040513 37.429980431342486 -1.0
10.729076546724034 24.14890872624678 31.736063270923538 1.0
20.611101754039094 19.88733476764244 10.65538099377731 -1.0
10.826100100230683 -3.785584997201198 -3.0091833571598983 1.0
7.751634187944431 -6.332739125943469 31.702279183600396 -1.0
7.279910644651475 23.255871016257426 -1.3903214200629748 1.0
9.178085742604962 10.049729661555759 25.734283522554865 -1.0
15.708132959939412 -13.059704815991855 3.31398078597228 1.0
26.14998863633137 -8.535970174891915 13.857802870340521 -1.0
24.757986269738627 5.998688455019014 -11.15527261319178 1.0
28.389480659748596 20.17979618564405 10.791880313031216 -1.0
2.411436095611309 -16.182828980756234 17.38877504058578 1.0
11.830346046592592 8.78402916821538 11.391205224402004 -1.0
17.101605483528434 15.307601503781537 12.140621599345499 1.0
19.075017395907818 42.236898654402836 14.061292434414952 -1.0
20.75314522490115 34.80007103230744 23.499974347180228 1.0
23.553279995460578 7.567957908090739 33.56318177945053 -1.0
14.024870048193494 35.046311521745814 4.366706889449031 1.0
4.745298346833008 5.926315210996344 10.188748332917706 -1.0
14.119137001248971 -11.933732310387287 -1.3955515648162624 1.0
-14.00249691984294 6.0779164465461815 18.988857944418296 -1.0
27.943804409495467 19.868047334716525 28.382055401538597 1.0
37.8105295641167 1.724359862252211 15.96168672553749 -1.0
40.79200336053581 17.45783266609594 15.178505410647356 1.0
5.470467009361366 7.342862144386329 1.029601831461641 -1.0
19.49735759972412 13.630590288111682 14.477715963842138 1.0
20.18665727088606 13.664436811806954 -8.324990933628591 -1.0
11.52293021838613 25.479218926733296 21.695290373567307 1.0
16.398386255803324 25.900566536092068 4.146355997581763 -1.0
8.925562199778515 17.7152971542506 8.160000950846948 1.0
5.33941410195514 20.963915173228457 28.870426525716397 -1.0
-5.349611831324516 31.1583784276824 8.20640146785205 1.0
-4.3616352884677525 22.011727442387585 13.039836999566619 -1.0
19.26365644157669 12.846686149193069 34.686621253126916 1.0
16.8874120359728 43.50768752491666 28.140204746584686 -1.0
29.91267022437699 12.980442927191543 29.873803883414695 1.0
39.26415555951305 37.02033909561426 13.493544747955386 -1.0
18.706691757582917 26.843139925360216 28.90586619180672 1.0
-1.8905643751858179 30.921569590113215 19.41492199785346 -1.0
-4.20547502544197 -1.0173653770615054 6.31405283153524 1.0
11.636987240946914 -6.6647065783201676 28.627776047641987 -1.0
15.46684219777504 37.57117500393986 33.14802136973874 1.0
15.894750913899909 34.02596184225512 6.174930550333119 -1.0
16.217064591130338 15.964382632590857 -17.521407726664297 1.0
23.233494297366725 26.110722008536975 13.142574450710029 -1.0
33.322010003609904 24.005635517056767 15.699429771130657 1.0
27.034145444965773 17.426370711662496 18.304074930170284 -1.0
31.810394808259712 11.161325012031574 13.587485496270292 1.0
13.915955536493058 18.24807809246712 0.14380856286919957 -1.0
11.91453321553504 9.911699518561244 -25.93772811053996 1.0
-12.921721413338803 17.184341688903114 16.179312969435102 -1.0
-2.6036891626636844 14.105689733289038 17.058568001159394 1.0
25.917070811498373 13.478753119956522 20.144340119169737 -1.0
3.93689979833522 2.788720185654358 3.6556164890017593 1.0
33.12425735053551 15.321134203648857 12.662642255260092 -1.0
12.52399873616031 6.230925493027744 11.213940416709308 1.0
12.138662964659696 -16.425635427432162 6.570115299408607 -1.0
5.67196038357356 14.032227117070907 23.32951265387593 1.0
8.386683563955543 12.351464696227001 22.158637717549865 -1.0
27.225758095834315 21.6545027541178 -1.8092300046914005 1.0
0.8108782408931946 35.50502819182236 20.793636505222256 -1.0
-2.9099611886794747 27.401296826226016 6.195954213978165 1.0
-23.844877615634687 31.4392426874977 27.369670439191157 -1.0
21.2623916548513 4.8661939295719785 2.893025101198842 1.0
38.280551877986554 -1.8171151842278803 20.311663867034262 -1.0
16.51594221109725 23.67463177004273 -15.68740350869971 1.0
19.075202803219113 -15.292356311857779 -3.36321181969436 -1.0
-12.597950491514537 2.901233685291943 27.361986864171353 1.0
34.16975335152628 -10.903524387090668 9.147719153256423 -1.0
-7.625607215504431 35.53208307600912 5.6116674450269315 1.0
-0.7390276042701451 40.12863792932134 10.820311577108164 -1.0
5.4266058800179655 8.921194719863738 29.966714432434564 1.0
0.0802084241470459 21.68319194114609 21.583374143779544 -1.0
12.712876232457331 25.613275007869767 -0.1522587409700371 1.0
18.968188229078887 18.19728382976478 20.1246048605409 -1.0
9.819643832617166 11.023574430242377 17.873703164682535 1.0
11.843579410130834 37.69176449693354 -1.6141866586246536 -1.0
9.856352179748555 17.263000181863585 3.875131950095423 1.0
34.536848701018485 1.9292922876683472 14.16057084599666 -1.0
22.820301423732964 8.804641333750732 28.78799385433588 1.0
23.95060937976211 8.914118072217587 25.920592807201423 -1.0
7.207309233722134 6.249089067391509 21.97028266204822 1.0
-2.8086764748688076 13.942288921909165 19.91542269037324 -1.0
19.070722957452663 7.781725185296029 27.054467569805947 1.0
28.671299633619686 16.561159963049874 -0.535272347454022 -1.0
9.804279730176653 4.425244270757495 19.439324640196673 1.0
10.417604008812667 19.707662273970875 23.547795114313114 -1.0
0.37483067151399446 1.1723189496974618 14.025471750347961 1.0
16.840963388816526 34.092701464622905 37.93303138341537 -1.0
9.291089356463404 3.8385579801740386 10.568200013204057 1.0
11.917617646552483 18.933512884224484 -5.431566427473914 -1.0
1.5920241980950918 13.389967033022339 43.45956224610856 1.0
8.11431505397382 24.19420003118104 38.64290340397805 -1.0
-16.98995390226792 34.930410691080084 10.609174363228979 1.0
5.648338161037698 -3.1519277170686557 15.87492080398153 -1.0
5.9702133940992335 6.692690422020296 11.963020888361724 1.0
6.619998051515342 12.81160139752044 25.52781181509455 -1.0
22.980943344078604 11.039777936334946 25.133620033973525 1.0
27.535196064821644 3.100496124146102 18.4937172706544 -1.0
6.263906418052151 2.4177881066045104 -7.30685362986393 1.0
3.422669682899328 17.696675123928657 4.724215723338116 -1.0
8.608059108614095 13.217191817902064 3.4701404382898815 1.0
15.331408861897783 15.09570346227766 14.213282884869637 -1.0
-15.953501818672398 33.48166148579857 2.0391463098997202 1.0
12.07781081258266 8.875163542886835 16.084227610513285 -1.0
-9.827774692618394 -1.244426473834693 -4.583951593065482 1.0
30.442614771634297 18.084084288843094 -6.926877177488695 -1.0
36.477039904573104 21.794685927535397 15.408755559656653 1.0
-4.939936756482048 41.98883782234455 26.091600522893522 -1.0
13.456611566032985 3.042007878399905 20.492510719618988 1.0
15.324671187841906 29.668181153577947 -3.786462608275631 -1.0
19.35618880465599 -2.080564988528117 13.787542869354189 1.0
15.310898429486587 20.762248865291184 22.94999649108428 -1.0
11.528420339945024 4.509250144079872 6.304676917966475 1.0
9.037030506707152 30.26702009052979 16.798858455505655 -1.0
27.956249475232116 14.451849511422724 8.20266163113384 1.0
3.2220294388890602 1.4867442809483007 21.105579438051578 -1.0
8.106700313203868 7.292838936847032 17.529096264394394 1.0
-6.552125532723139 7.059514787917683 14.986329877686945 -1.0
26.532007503281026 9.335421245353468 6.744351323334599 1.0
3.303737333672862 14.480799097520682 -9.503634559855321 -1.0
0.630912231159279 20.459601562447016 12.481229264144355 1.0
13.846592840464423 -1.6361037853407616 33.06160040065532 -1.0
15.07600419978285 28.116725644630606 15.888521712086506 1.0
2.5119110018778383 13.551845836084162 28.104087509873665 -1.0
1.2271501602204622 -0.00878251814473785 4.183253999384012 1.0
3.0868911666465886 8.259463177743234 5.0280189646738895 -1.0
1.6966333308288313 26.438357268886747 19.364752122801615 1.0
7.0498596554999295 10.368182923214354 15.959984193494074 -1.0
18.67951436614531 46.98905046331667 -8.095256324446659 1.0
21.021806108278632 7.203163928071253 28.136349669799163 -1.0
24.54117511896421 11.294552914679807 19.72321616803569 1.0
-2.689220284281177 10.669509656916443 22.1796576242791 -1.0
29.803713069164594 25.3203691577508 22.835586322752235 1.0
10.144840090793778 23.712975926731552 16.81092266526568 -1.0
16.961381053221857 5.262754413125576 9.750851180101943 1.0
7.210181754523514 25.323817160451643 -7.570218188034225 -1.0
17.95807453690326 19.81277736112544 9.793300852835303 1.0
-9.35025989016598 29.839912968067264 -13.376512139257219 -1.0
16.963924518158567 6.247948899332868 14.156607529324859 1.0
17.812826063749483 24.89836455182235 12.286408090894772 -1.0
16.735839063583178 20.71652041261038 31.760921085438202 1.0
-9.78599447447061 7.5663315370582 27.397633859928952 -1.0
0.5092184275117997 23.85543052583098 1.4392613543379824 1.0
18.563077326742516 22.41102644469396 33.934653159065306 -1.0
36.38235145412462 17.997077136632264 17.813088580285235 1.0
12.655483877671612 33.82673521170083 -2.077326108211942 -1.0
11.363190775757559 -8.174470619540031 24.730293861955676 1.0
-6.67067965185187 13.199514970503543 11.82411149423854 -1.0
0.17527808088045566 38.123101165956164 3.813755228988477 1.0
18.113490779211464 6.097816880545299 -0.6479381262477517 -1.0
-4.182123353628224 13.298063997956334 22.34618803730669 1.0
23.623586200715962 27.470482693070906 -2.6848051024744244 -1.0
-3.1151975411217805 19.92327593027143 38.27065643041661 1.0
20.771727322510287 0.480129853746501 20.107473569685204 -1.0
9.14885171218398 12.340244481223822 24.760636118922015 1.0
3.1053831975379307 13.038420302144946 23.804361669289552 -1.0
17.178062834042677 28.504053652646558 5.371204790598955 1.0
19.58305866737369 32.38418205947408 10.34807911369756 -1.0
3.083534971809882 33.78024224002973 39.74008701139723 1.0
11.387393098153241 10.455533920256867 20.141588129522358 -1.0
23.0577948367916 1.9104331113573079 20.15075306014147 1.0
15.270830104822814 -11.77297399884395 36.38590755998702 -1.0
-1.5924487242206027 16.533796533577956 -13.463285777165424 1.0
2.9755151424937423 -4.718241361943463 14.210365954124159 -1.0
30.617272676313327 41.54291539445583 5.977624195615698 1.0
-26.04573348254168 8.887403096212145 29.908906113916824 -1.0
5.079923297104853 22.61365572283084 38.895999271490325 1.0
20.081065004392602 15.544911796354057 30.47994904764051 -1.0
22.51903405549222 27.538774223703108 -0.12692698853346585 1.0
-7.514155661147701 19.334177258503043 -1.5000790537729074 -1.0
-4.388938192375527 -2.818265575828125 9.97221908847201 1.0
15.873158984752122 12.796635238303002 26.30015771963686 -1.0
13.089700358632308 11.953542437332667 11.056225706127407 1.0
18.752479150190897 28.13399492289964 22.379201625946298 -1.0
-0.7165092288050907 -2.6660272798207245 32.53448565334135 1.0
9.35781588492312 11.813712189283464 5.027924786927637 -1.0
4.95585877954096 -1.9828575382354678 28.74173541311043 1.0
29.064258793063864 0.3022090016958913 2.813544012809852 -1.0
13.239825345970235 11.82518593895254 20.842325222446483 1.0
21.683007779631247 20.696786133835417 27.116249767469917 -1.0
39.69669169409006 -1.2584115065149284 14.282326717044256 1.0
35.28165440960227 5.9109621774322125 21.98758783085275 -1.0
-1.2325340849614577 21.68987467273949 18.74018424093415 1.0
-1.0884651144046948 0.223590260984599 30.750963109818798 -1.0
-22.221336607606474 -22.205194841281585 39.638675235860624 1.0
-11.708585219925213 22.17724551417708 17.80114876740153 -1.0
10.363633451519114 25.373797553450437 13.458721174724422 1.0
-6.130241162798789 26.624310869838613 6.123689168928166 -1.0
20.608209804229702 7.10537699981668 13.071043892716805 1.0
15.742310909483324 2.8947131894015783 44.1014520629121 -1.0
12.06842242098058 6.058691985116734 16.505016421498752 1.0
4.484768736360789 12.48862256344546 12.200242887368509 -1.0
39.90088091145381 28.364621246638972 9.304694478975474 1.0
0.6213984420917432 1.9472492426110581 -15.03685157601835 -1.0
20.424195985358445 -6.373312455117354 -0.40088962087425983 1.0
6.443622764431312 15.296828733988026 3.670113687783947 -1.0
9.94097284695934 9.209620939642264 30.8957389808986 1.0
8.252828518895797 12.983809761272934 -7.40985753087093 -1.0
11.602737765577986 -8.326298174726151 13.639561389265673 1.0
-12.109525726737974 18.491273115500796 12.781928574788402 -1.0
-0.7417743967255355 10.766942384615229 15.218494697518192 1.0
24.691077458570202 16.176163139519378 -2.6411275834089594 -1.0
11.012474920045259 7.85289412135763 20.257326717755774 1.0
-3.423554110964485 8.975969833483271 -12.773017258583216 -1.0
13.93119461014427 8.226561893319449 38.759016076961906 1.0
27.236471786954432 -0.29024575270116415 -9.565454323168622 -1.0
7.568813456911625 17.932682450698632 13.452086065396161 1.0
20.799129355024363 19.202604960653176 15.44419792845461 -1.0
25.066628617231622 4.3086638482952395 -14.787010243234787 1.0
18.709355875255596 11.138814749702268 15.263327197203502 -1.0
10.068037738553953 22.892460148785027 -6.298700870082751 1.0
40.334578641112955 -4.483363338783214 9.195400873770271 -1.0
-23.012398872834144 31.064970490130108 31.170433886080502 1.0
26.41371023243984 8.852440063894482 -10.221750838288937 -1.0
40.441165020894275 24.419467174433613 2.729500757233874 1.0
-22.0981611446563 3.701835106436425 -1.45692848042572 -1.0
8.985290009916358 13.070819040244555 11.886357585066754 1.0
22.672869200264046 16.65858380354852 17.496732925568963 -1.0
1.7965012273666197 8.552089853558085 2.8797297554367436 1.0
6.634394704925682 17.23793338276185 -3.1975780289360145 -1.0
26.61865059416958 16.990523007393595 10.501680672955105 1.0
24.472315127649527 4.156428237848794 25.522314333676466 -1.0
-8.352924315043452 27.92007559364285 20.60902887208253 1.0
-12.51370425441957 -3.5207678458361116 13.976635348563214 -1.0
6.429873377094285 26.017811307532817 11.860585765555511 1.0
-16.049872066249918 15.322967927872801 23.70733703210974 -1.0
-5.975403155950147 27.781476492903543 33.822816428188354 1.0
37.5608943336224 4.568756567903858 3.4721386515444053 -1.0
39.56479798379712 -16.23868142096334 21.68188548844485 1.0
14.590104101891606 19.650378398256343 31.126248512779924 -1.0
13.35306038741002 19.237679769882035 8.093223375431654 1.0
22.71244842783518 13.419045622538166 24.30002702055644 -1.0
25.1713351086158 6.511094924313583 25.35645540095403 1.0
8.761009188568 8.759822339909977 19.62529082523102 -1.0
20.475666073541333 26.402226124187415 23.142914991986068 1.0
-19.592026062994105 22.60886839844834 9.144729363433665 -1.0
5.1486735084096376 29.288618112615428 8.42282946748828 1.0
-26.157393434579628 6.802665157848007 11.499690638145678 -1.0
27.93160035243878 33.13054884875686 -4.915320673084867 1.0
-3.3667644150908558 2.4956194324426333 28.191040948703908 -1.0
33.79939583436592 21.883374292010796 35.188156263343 1.0
25.725535447811477 13.52457090444783 6.093632366396048 -1.0
3.8832563029045444 5.483492723516591 26.029009466007974 1.0
24.573308550066848 14.463684557713657 28.21448866856438 -1.0
2.860871718645376 -6.320637323272283 6.727715135964496 1.0
30.470133125619544 18.042528233356222 15.038478084985844 -1.0
7.226870666051079 3.4712680886909824 -11.015504480155352 1.0
8.157126854378056 17.98656656280773 1.4952351060347788 -1.0
5.7024995966304735 12.14568099428413 18.614154529517233 1.0
14.930085245723625 10.429007716912057 35.32464953937945 -1.0
7.950808643166567 15.742325857253476 25.765176513768427 1.0
-10.008840143893279 42.920813853647246 21.459067034938627 -1.0
31.743635941039965 23.556188552720727 19.08565962423631 1.0
23.0375623071111 2.3161502763144286 17.172754714281524 -1.0
-8.28617051168543 25.279924741891303 -0.21801843821988598 1.0
2.4709065403684516 20.20022201608164 25.98978780884902 -1.0
21.413785878369357 18.89205699681013 -5.94965408350803 1.0
9.023809533313257 10.386180152090269 12.78939622560168 -1.0
-4.965925431013723 16.67397142388524 32.70579388747613 1.0
5.1255342906491315 26.75462378668573 9.452583585277281 -1.0
17.95942294999187 26.448069936062094 16.141183322094886 1.0
22.39389819452992 18.22213945828989 6.2025083798697045 -1.0
28.430195172123543 25.87334640983602 10.996092652770681 1.0
-8.487914319384938 15.064079456110415 18.81551693596668 -1.0
6.844164727024597 1.2203250823576197 0.42815331958321523 1.0
32.66511060570771 -13.882475129073908 10.3527018081367 -1.0
4.396448505953925 12.506625027114515 0.7401422143558535 1.0
14.531286237917316 -3.7472936451960486 2.6225648794152603 -1.0
28.254542671190187 11.537923471924104 21.244043944832676 1.0
16.197605954066756 17.0040490549497 36.10861840774582 -1.0
14.35735657661507 -7.031757245366748 3.2606193193252797 1.0
5.329237991766469 16.667738852294928 33.86827521915331 -1.0
-17.89158370990915 37.64212739628138 33.34837752773433 1.0
37.09804347913642 4.287597050317557 9.481756081980903 -1.0
17.765493836843756 21.537198007732535 23.70842453588575 1.0
22.240615463800705 21.643264433311195 32.46426437404475 -1.0
14.6764799508158 31.565805140738934 -2.124629223254008 1.0
31.022150497474303 -1.424426993390437 5.652358753658969 -1.0
22.215554920874474 6.4908976530336195 10.644435846874504 1.0
-7.6735206687028885 24.234119058368275 -3.0767907560686005 -1.0
24.373153093937486 5.800678116127981 6.744923188518699 1.0
34.7749479322451 5.682563609864069 26.067921396264836 -1.0
13.348784915175667 20.812387742128166 25.050893230459383 1.0
12.614308152832661 1.6900805491252229 23.127064700037188 -1.0
30.10441240030877 22.580091730373077 25.600586197047587 1.0
21.320637473496678 18.24173980631371 -2.8235345684608113 -1.0
16.890800149733344 10.429832392348214 0.7443230175592074 1.0
-6.972220281918354 18.388944750027267 7.680634185210513 -1.0
21.253961510568065 -9.121930578320818 15.402039146178742 1.0
1.283326197890693 22.475290539472912 3.2407070482347957 -1.0
19.972858416795894 -2.5910645266113193 27.434341138937974 1.0
21.482222670595036 13.95567033692586 33.46199031544344 -1.0
-3.036567667390166 21.42142548915758 15.568550499028218 1.0
3.1139258481654406 11.404535144669069 18.48697586344241 -1.0
24.031490245626568 24.648871079562348 23.103112386974146 1.0
-2.3811566835936055 15.427355787510447 14.276444157611316 -1.0
25.05810265948146 3.337222930072404 2.435296493907218 1.0
26.735923828628742 17.14323704325338 33.512052965380285 -1.0
1.0648044915300667 -5.893017334997971 -5.504934453278221 1.0
1.3151195777259799 2.918323740094218 29.996407573516603 -1.0
10.883219509498517 15.301113825000554 9.377357191453749 1.0
-3.1391024787047677 4.867212036873455 30.84307169698545 -1.0
16.916103865627537 20.776185329900837 27.6884055009007 1.0
16.498723955420896 -6.436230626155858 16.83612548698916 -1.0
17.749574460027667 12.2821287357898 -2.1438203292340923 1.0
5.218478388446933 3.757486142374065 16.313013339440992 -1.0
-0.9017059396270035 25.716380707517345 35.65188148543359 1.0
11.291621260580403 27.780493994363407 -5.8345491376639345 -1.0
-11.81302170209413 20.960202232519578 20.07723972959601 1.0
-10.83289861009841 6.018190161532991 9.698332659057172 -1.0
-1.1400508609442142 21.028464562131873 51.828334111298766 1.0
-1.9525637104643998 23.87435849707431 16.404023490952273 -1.0
22.80468382668496 16.407626992923685 1.7176220522356354 1.0
12.938924851925151 27.836644874107794 7.122158315934291 -1.0
3.475810914001258 26.835003120427103 0.2564691848977085 1.0
11.885218261740967 17.525943556741012 8.690374718336512 -1.0
-7.960232225136451 1.6134991540158474 12.528363081642656 1.0
-9.608959113314937 33.13634667363268 -4.368911306303293 -1.0
-4.452835444097037 11.425850247477635 -6.751557107467342 1.0
5.148430326917708 22.5415396635169 -4.445262489291839 -1.0
18.289567999242575 17.321332757175377 30.04848704405409 1.0
30.8560519724941 14.210773220998423 20.563015161123925 -1.0
16.150041040524293 6.204505944354009 18.582304371603822 1.0
