512
25.557108333705028
29.317860321156477 23.41473164344023 4.998465305559705 -1.0
5.0327103496584975 30.047986981964907 0.29853624253881245 1.0
16.414230757305116 -11.229239608181077 23.63265511231657 -1.0
5.9221785444145265 6.318325918067345 29.631245213696694 1.0
-3.3363366814289392 22.438743683014437 8.675181863738375 -1.0
17.73384120279362 20.964073283011317 6.59964314770524 1.0
29.650800384782976 8.02188470486589 -20.097180615893773 -1.0
-12.519400047909507 2.0958332613255406 2.0840373364096334 1.0
47.42708568669114 29.238376963040654 13.208840116655445 -1.0
-20.07668459475234 34.60016955833542 25.034609939494008 1.0
-0.6254594698506999 -20.394298251546857 3.2591017505119813 -1.0
-20.06794717692545 -14.289037887467446 -11.570955754890512 1.0
21.575605067134827 18.595371855819433 14.66903469876307 -1.0
12.50019668440292 -13.312116757641611 12.374135531179697 1.0
-19.458170625593546 21.82143949201539 18.037399149743546 -1.0
5.648634014451178 19.477581417893205 26.826901420830193 1.0
31.163795202898452 11.551332177820273 48.13090011366614 -1.0
4.182432593365971 4.22931176892031 7.027363863506832 1.0
26.850743332602228 21.99607062729957 44.836305367756154 -1.0
4.396250664741518 21.45493602563749 6.875295306401408 1.0
-9.354509782591045 13.727244123122965 2.940317660950011 -1.0
1.0256049819735087 9.482847603252514 45.276298181850876 1.0
13.151335433976262 33.31086619118824 -2.9068435009179687 -1.0
20.35915303209896 21.139660117489377 -15.491965775620102 1.0
21.800940787966045 21.065778797417643 19.236463830798535 -1.0
0.7718511940990022 16.920247318872505 27.247026966791083 1.0
18.05297361859609 -20.066908860605512 12.924966362179154 -1.0
-5.844153717523255 -8.635645706903379 2.03762879341035 1.0
-11.905016537623498 -1.292336085692373 35.976555127225296 -1.0
21.755111586063244 -1.2155777879320517 -8.557484061880853 1.0
27.37969621678068 -7.095095080473637 -5.775922698444742 -1.0
0.9983068375331302 26.102314648292822 38.39634141202052 1.0
-4.325416286478831 34.776386525733315 9.844144538171735 -1.0
15.192689454753197 34.71878009083365 21.82243885842048 1.0
-7.95909080960395 13.723668891676905 19.25752365922615 -1.0
15.406385284138988 -3.4551019328987778 10.588294423030481 1.0
9.882137528167183 4.75417558257376 12.612161805380422 -1.0
17.221997970104443 -1.329648429843317 5.004016934300698 1.0
29.35961205895906 32.6865945817484 -26.286861790196653 -1.0
-11.350366120966315 15.066102337589705 35.15441262632955 1.0
33.217663472293616 6.923499253247167 9.385743279001087 -1.0
-3.809029618668177 -6.133466645985198 17.27739229284057 1.0
32.847020264682456 13.807687920771947 18.264235768676173 -1.0
-6.817819647863477 24.402277272983834 19.330377291055182 1.0
-1.3781295239225742 22.437643193435065 47.67511310235351 -1.0
11.085270033143363 14.587510590929583 7.571698476573051 1.0
-3.151204886063507 24.912458108533958 5.962951848854894 -1.0
8.951332325342724 -8.856944592463549 4.453286923851527 1.0
6.731503801134515 4.741208403184545 6.342286736776633 -1.0
24.107781370487864 22.62939936969492 19.39953198768079 1.0
23.46503692185994 17.144112394025566 17.60655560857879 -1.0
37.64315575853867 42.35877813252382 17.879186821050688 1.0
3.390699468084605 21.53806227301543 -13.995932440654892 -1.0
16.98356813596679 4.229867297706433 14.900071134445126 1.0
34.83347971400282 17.1687476351385 11.790890874078732 -1.0
24.97101045064502 16.566362736155487 6.2226102205253335 1.0
20.00946147339326 22.33814492233024 0.5131564941389853 -1.0
4.208472764487574 37.415070772666496 9.374092823019142 1.0
25.575642663142652 4.394668330503234 15.066673302407038 -1.0
11.742160428319378 14.893917131617442 21.37402761690757 1.0
21.616775028786897 26.462958520295313 -15.731213800056015 -1.0
-1.312411433709464 1.9248324064466573 4.466115498748258 1.0
0.7364439326952784 3.4751049615990164 -0.22547716663493844 -1.0
1.1398177641006755 26.708111700578478 15.748612809360184 1.0
-6.164584658655983 18.282830451076222 -7.5080273313668044 -1.0
-9.567283245768653 20.79198592594574 21.63648943381601 1.0
14.106103149955592 11.618670477987557 21.47155320700321 -1.0
1.2378454302197182 20.367557481610884 21.47220886609048 1.0
8.627207312346508 20.098983514798036 14.70508134186211 -1.0
33.457303140329806 6.5401621059628 -29.73684693851603 1.0
9.072631692035 43.85831953921753 32.371660872521 -1.0
-5.9866725268335195 34.88922553989038 63.90151995328226 1.0
-6.808913551837168 -0.18656662521787126 6.2877556302434225 -1.0
1.1156794785300945 32.567403002962074 5.438578471468276 1.0
32.724345750642186 26.824396798007044 -8.452561991352542 -1.0
5.195434432543309 -2.820582796421494 0.5353627438313188 1.0
11.312073889963862 28.972789417663872 28.84127281524496 -1.0
12.075436799688733 24.87331060558641 25.43497596511845 1.0
28.30996563625374 31.965970586129927 28.155545260463683 -1.0
1.5202397795216005 4.63443111085272 20.3618088739884 1.0
1.4971078670306637 12.012221623656439 8.564532526587222 -1.0
-5.015706286065701 5.25331854840196 32.141641938071146 1.0
-16.360320748969123 -1.4161387967339003 -0.12122343772495014 -1.0
14.87420588582211 1.0610541070389123 9.77526677221115 1.0
21.491596837037875 37.22316772387211 2.584568801892401 -1.0
23.856023270909763 20.08983732342972 -11.60593399008991 1.0
25.50809903942838 7.395256341038273 11.673334150602074 -1.0
1.4963455436625643 14.139407261016137 23.75309972301513 1.0
6.124729145431362 -9.311204663581705 -4.47248020722591 -1.0
-7.717386537304623 11.235563433873015 18.56194523941566 1.0
-1.700460354064564 0.13328945853872615 38.61563410973563 -1.0
19.968919237169235 8.955873759166906 3.185528369925662 1.0
22.314598997271915 29.795062141397302 25.548553124034587 -1.0
6.758447848633813 36.1986560355693 30.161357966403525 1.0
37.381718953834486 7.317366026084135 14.635404869970854 -1.0
2.05045265122454 24.379533664595073 6.950658795795939 1.0
4.949278198263196 -8.505185128457978 6.990313094841911 -1.0
30.532155373269916 -13.689112793558618 -7.799154662269341 1.0
19.90444076987763 -5.187404108424094 7.7950229733886545 -1.0
7.441868027103773 1.2807643436452918 26.51763084084903 1.0
33.44961098016515 26.702763405605303 5.0577932246722135 -1.0
2.852769550413338 -1.8816741040003357 10.26331009685242 1.0
28.74674384597436 -6.597576498141706 2.4498728744466494 -1.0
35.2288499188039 26.318916702228744 -8.309575782048892 1.0
11.389876428205563 19.29459856394358 10.220916493715833 -1.0
30.91860844088894 26.152790565854175 9.752925949060186 1.0
15.590971246052716 21.00722359885834 43.05057958589041 -1.0
8.804864337611972 11.063292626062665 22.998101783443975 1.0
-1.2962708620035457 -3.5813416067844557 16.249666128363746 -1.0
16.11681166698391 23.366571644053153 -7.180408022087928 1.0
14.311974235816708 29.8906932208219 13.263676292870747 -1.0
-4.198099153726044 -3.338966715805533 -4.332499872955022 1.0
12.503111942843356 -3.7129826715720355 1.0319874442586048 -1.0
-6.742486958477485 15.579032903171463 5.708093481753397 1.0
20.717653360253586 -1.124297260610188 23.03480120946389 -1.0
-0.5491821155508063 11.716164029713626 -18.28088998148361 1.0
13.9823423603546 40.29754780717907 16.25337461632386 -1.0
11.224346627555313 15.957734269706323 27.09395684622816 1.0
22.564506620943536 21.039153623625655 30.28339597701651 -1.0
-1.9901504425363612 -11.308694432288656 9.762053459840631 1.0
12.508926002093936 10.405849769675987 17.288970429467028 -1.0
13.579105523750448 5.438158158816328 7.317662450484596 1.0
-11.433746333158089 15.33038733539081 20.519613299065025 -1.0
23.018922056174617 10.51026648738242 15.703101212400451 1.0
4.024099411013817 8.50636612392009 41.97872226418458 -1.0
6.64351772581621 18.74736860322866 14.559238662938741 1.0
12.555795547123013 38.16014659716311 5.274180471833946 -1.0
2.7533751655798464 -5.6856953527021865 35.73671936326229 1.0
18.30209466664699 4.533587564752382 -3.309214776535711 -1.0
27.60706331241255 35.647743004249946 15.669444969800875 1.0
-4.597325943911187 33.532374090228465 14.631502166269504 -1.0
20.914172310392768 12.788281463080933 6.370129788919201 1.0
-16.80629086650303 10.085488879691463 25.205745685421704 -1.0
11.465572062396037 7.675145958802225 12.159816711961216 1.0
-21.973387021520114 12.177408837165377 15.39167905030339 -1.0
18.306436435323622 20.540434330489592 16.983873706639052 1.0
15.843678349589918 7.056176757205134 6.652614684920006 -1.0
10.692233701246819 19.78190002930029 -18.005213144062957 1.0
35.344464727486674 34.42687638532059 -4.806370776272338 -1.0
4.433075325023872 9.82720296759965 21.283808933255884 1.0
25.729064951702863 15.094760021300493 41.13379851734475 -1.0
27.246684915152144 38.62144213616631 17.487455245122028 1.0
2.9192452094237837 22.67253547496523 26.92692108119854 -1.0
39.023132035258065 11.682667885292751 -1.6959114717874186 1.0
40.61244986362804 4.092371828362301 -21.131088162917294 -1.0
9.57749767354283 12.317603401714328 16.45945752497726 1.0
29.949001884740966 11.586761068726103 11.635584147075638 -1.0
21.981900143433414 -4.167202850431703 24.817960538412276 1.0
-8.593147910525303 35.39579144616455 3.9644919124094113 -1.0
28.649141380046974 34.51402248152557 3.1500957040206488 1.0
-2.6442433636626106 43.68191623413957 -16.982445316367865 -1.0
-3.748766598122618 14.52976252051902 -7.7938983484768265 1.0
-1.509357467338095 5.180630153342814 18.85466474572675 -1.0
21.23707546752493 9.604768385719263 6.713215507662386 1.0
27.809298113991954 11.566164883866668 25.873888603643255 -1.0
15.568936732094947 6.561176534751678 18.424157908402382 1.0
-0.949617971104086 9.555724539534397 -4.402398096464157 -1.0
18.354177594574256 37.47996102193774 3.6862925486000915 1.0
2.958871574961757 2.387686831239677 14.425097778229848 -1.0
9.560959651393985 28.740251899933636 -5.183828462021854 1.0
3.4187679615974718 14.754340867421124 17.827298844574607 -1.0
44.03963973298428 22.819097336587078 13.75292288672502 1.0
13.931880754537747 33.498960327267184 3.381123635530358 -1.0
0.8019058532422856 8.049540671643847 22.96696952837552 1.0
-2.629313638381518 -11.338037823157121 20.17582447794866 -1.0
16.608001590820283 6.932205631528615 29.980969962685407 1.0
33.98174040846949 -0.30692235130335277 8.553087023803924 -1.0
9.097868437159688 38.440400604615874 25.8972207880061 1.0
-1.0719825116868122 13.990576939649687 -1.0064563402551592 -1.0
-2.563556058807162 2.493001045338743 18.87805657707693 1.0
17.573524293193742 31.815287970654797 27.395440157997726 -1.0
30.65843154509372 16.55294969273905 10.881121995268153 1.0
10.511763432541448 9.789441935665488 10.978985155991657 -1.0
4.396810900850118 5.62309366297975 -2.7466249681377235 1.0
-17.26523943640639 40.16264553413455 5.596079856666743 -1.0
36.11081097553189 44.376275049313875 -10.201450641378514 1.0
9.911306015719385 22.137395911206465 29.753177497282252 -1.0
14.636627999197188 21.006603996071554 40.6052636049448 1.0
2.6428930306643914 33.83679989543809 34.58157406203425 -1.0
-9.703164241079401 26.498409428552915 24.243058804025694 1.0
-10.949304301858394 0.13187223102411477 0.8245280006007373 -1.0
8.702248920749582 20.47678396042782 17.22772384349211 1.0
18.304751902006483 11.219231048320331 -24.65105272307264 -1.0
8.896865133616505 15.852373757941747 -6.552208051780429 1.0
12.128224928394602 12.761372681119703 9.27287503427904 -1.0
-7.97854890109851 22.361191004813225 25.911148265380596 1.0
2.1154846959910105 7.462407318395004 20.855714559663095 -1.0
31.324709118015768 21.823044668334767 12.796189066399835 1.0
7.0570174655281335 -3.238863596160787 31.889198535589713 -1.0
13.65197017586435 29.293422309959222 43.52188606275497 1.0
16.613841524397518 15.706820940799199 10.878250229922141 -1.0
13.320932201122849 -17.396316281142305 -9.098628591636789 1.0
1.0406727233748372 -1.4105280720121058 40.01153017439779 -1.0
3.3048218724723495 17.42167142126132 -4.024781539032023 1.0
11.685745093092613 6.947024273595219 26.611586451767455 -1.0
28.1752891571241 -18.669901735948425 11.59441649610651 1.0
32.599923584073764 -23.400471538037518 11.889189740188321 -1.0
23.450143072937944 9.012978272180298 -13.77879750349355 1.0
21.195207858829495 14.416838838691946 8.869181084067733 -1.0
21.018801668252216 -13.807946093050278 10.670033074673372 1.0
16.899051436287483 14.500748972196387 7.67625688755062 -1.0
18.59936276057458 14.990192781737209 9.600692097733308 1.0
20.83655320484303 49.87888571881001 14.3461638378542 -1.0
21.968677050993325 31.283757864280755 28.4120814686751 1.0
26.315770985372907 10.510829245652912 39.19662666167145 -1.0
6.9060388002042155 48.95439728913397 3.9605159150530023 1.0
2.373372318851714 -1.2055733290538946 23.28731238374304 -1.0
13.610939278693955 0.13780290155181002 -4.707550908221744 1.0
-9.80379012902192 4.325078470404877 19.77638449870149 -1.0
21.756319682696194 27.376857817853615 32.996060937707306 1.0
36.508701711272465 0.47489592496212063 14.881900950231064 -1.0
41.599290604578584 13.60711172123623 21.475773126242824 1.0
9.23683344049667 2.649220685103929 -0.3168278653016756 -1.0
17.27688997560432 14.054624601228086 12.912487822486478 1.0
15.645481191336827 19.928743896303953 -13.779801220293685 -1.0
1.9422162085494985 17.200960879215987 16.83726644626785 1.0
32.85286430087162 36.343741107496065 15.80590074044583 -1.0
-2.1779921231431523 16.42776772184291 14.864446754185872 1.0
-6.718010909880874 18.319719714644627 30.58027286085012 -1.0
-5.402422808544543 30.866709269606506 14.579367519588196 1.0
-7.032161946239604 20.510151025394634 14.5730924851577 -1.0
27.982592182331643 15.375947263081711 34.102078551857666 1.0
11.151183895585538 52.258261983360846 36.832602291567156 -1.0
19.74899203171793 19.97178482122619 20.366250281220907 1.0
39.41609778408218 32.11107146371325 10.581136362742564 -1.0
18.403754784198004 18.844026300340747 24.44631497690681 1.0
-7.22987786187225 36.52099724495275 15.806047376829405 -1.0
-14.525429059614039 -0.9359731511701206 9.409980558723715 1.0
15.404097516806246 -7.993424616375698 29.045001141666102 -1.0
24.214588437085883 31.613834012805988 42.11010410460285 1.0
23.372445176999275 35.70904523169989 6.759104091590952 -1.0
18.3128679554361 25.14741625401406 -16.79061008778811 1.0
24.277787488906156 27.174749015531052 7.546562010692187 -1.0
34.40327359982666 40.553383906697036 13.02294711131161 1.0
30.128861883415663 12.156355392132495 29.690341279075064 -1.0
18.80908078355686 8.557674156595679 16.47694076467943 1.0
25.266946015383713 13.178590432545906 2.269309707069 -1.0
7.935241871971386 3.113844074023029 -28.016161644143725 1.0
-22.85355954771476 16.944224067692097 10.370686207242953 -1.0
-5.606667734852849 12.699206616872793 14.93457665305296 1.0
41.835051626040936 7.614933473195121 15.502391012804573 -1.0
-1.9311447181889925 -0.7407023496893963 8.433406660787147 1.0
31.825515985035185 10.242904134224027 7.983340989373656 -1.0
11.846046533293748 4.27557179827565 11.148735414356118 1.0
16.71291288450934 -5.642150702139208 0.9553989311781617 -1.0
14.916631465466612 16.674086970062813 23.36640397630371 1.0
11.25438048746026 13.415888234391096 19.330636430254795 -1.0
27.67143157415402 20.84320967420706 13.72124817092958 1.0
-7.847382689579327 34.03867037846661 18.821965528279815 -1.0
1.1453062525957243 20.64252518829418 17.175767262059345 1.0
-29.505136127662414 39.977877624562716 15.557638819039179 -1.0
24.076133188749715 3.849069227127095 -1.85457159800389 1.0
27.884603726458344 2.2328340854779727 21.547259052574027 -1.0
17.494239855473833 26.49101680858293 -9.320498732907787 1.0
23.902674820805593 -11.772861396683952 5.974179339939249 -1.0
-12.534477639390936 0.910921679076388 30.58341951357077 1.0
47.684665666875816 -20.8605470494086 8.646253500561377 -1.0
-13.243754470523594 34.701791432286576 -0.6965415040364604 1.0
-6.253793876454935 36.6253615914841 5.949665710995514 -1.0
-1.4857150308853981 27.87318702746731 26.677316328380066 1.0
-2.6538515255146606 22.187395599892987 12.258170699250075 -1.0
7.255956409235616 30.567888248757978 11.821175468473268 1.0
20.611446381890108 20.033934847594086 22.71663430802912 -1.0
-0.6022240896204458 13.080390393280807 12.922192439271583 1.0
15.055413276925872 35.96791598366862 -0.5317721137738225 -1.0
6.749251923208042 18.175049847132037 -3.507523826863597 1.0
44.5604284659357 5.799350769791723 16.948726632368572 -1.0
27.448720736580178 3.928032972737503 29.02191952936912 1.0
22.82925191233494 2.161424437289565 22.408602651207637 -1.0
-8.524969799076693 2.777894240322198 21.30997994104852 1.0
1.2281236696700322 10.369400554841263 30.63495870338186 -1.0
14.448419097254856 11.824408777634655 27.669679949817002 1.0
28.418073242893318 15.215871332425355 2.1218328848963073 -1.0
5.2627147180927665 7.799932421099771 33.65334796354145 1.0
5.982982971220808 18.662762974161232 37.782728089123715 -1.0
9.502385596982483 1.5173767725311331 12.789658149947863 1.0
15.84277729310755 36.12230994159449 34.46766489023891 -1.0
19.28153544517318 4.972756682111556 19.264152023925188 1.0
7.212673390371761 21.621644093350564 1.7806759251416833 -1.0
13.264083838385544 15.484472251853349 39.493828755132036 1.0
3.442963826411561 21.59824825920837 41.267281091795134 -1.0
-12.860498652051417 35.677626002881134 8.982035073905685 1.0
3.3598879265206962 -7.951563430899963 14.771653175033421 -1.0
9.792980556280956 -1.496024545359159 22.844865166056426 1.0
9.96576030963544 16.662678086938325 16.330234179781595 -1.0
5.846837043469722 0.23329312517471076 22.57734711566376 1.0
30.61227530603589 7.309745290437276 21.15576474077118 -1.0
14.993163080585376 7.483065648758175 0.9893210760761024 1.0
8.360922755485378 21.7042117943383 10.83502924718989 -1.0
-0.765250030267449 11.52372453582665 0.12284975194841902 1.0
24.918138564310105 9.217691729287441 17.09217717716392 -1.0
-14.564396175585815 30.427497298684763 -0.5583954754486768 1.0
24.5134883455163 16.995160007142726 28.92463366826864 -1.0
-20.659338142909274 2.37957853263804 -6.66181620583518 1.0
30.789968298540746 14.460635789875427 -16.758265797345494 -1.0
41.66640198484293 38.19499885934521 10.539791246389125 1.0
-0.1665610455152695 41.583201603215386 34.638292583562446 -1.0
10.54954588418232 -6.07636516737146 21.8251280801157 1.0
3.461375114329381 36.62025805773903 -6.1065346595528105 -1.0
11.854568860179004 -0.6935453277298862 13.006378202733897 1.0
12.21431331796674 24.54998759141391 22.857717995634193 -1.0
19.526797930721543 3.377170086983121 11.924110171727602 1.0
4.988493368744078 27.581068918949118 24.598371998627595 -1.0
35.32320665335173 -2.8608289857096416 1.6176642145889462 1.0
4.424894402799948 -5.984734806264438 21.96373819037075 -1.0
21.642660079562116 22.442089717763704 6.292079587636022 1.0
-1.4296215589401022 5.923786729611736 22.85386719036946 -1.0
26.866111742009906 10.806755418067334 10.935409537332864 1.0
0.42572422273337446 13.275091426375948 -6.154013595297293 -1.0
5.936061931775135 25.29555708447152 6.342575795740692 1.0
28.671011429649106 4.6682015759524065 43.7137702236504 -1.0
16.841505590368865 28.89660519344874 6.466758623969896 1.0
13.41218615252825 16.488458705034617 25.684493346504674 -1.0
-1.0538107719786964 4.220996052197904 8.049517979021308 1.0
15.068334686008228 3.0522700196469708 8.15375614911588 -1.0
-1.8118329646393505 17.873893117912353 10.76834386666285 1.0
11.323102663928452 8.443414400783098 7.722292314195569 -1.0
23.409401258190286 49.17832115196439 2.0857008607379566 1.0
20.21757305794452 8.752183912493763 23.399155560609966 -1.0
28.362666391281085 10.095390491581053 32.802585353395216 1.0
-7.9202488433839875 10.616210586464053 21.525393595901168 -1.0
30.05433189043002 20.003778924983546 18.139057995272417 1.0
5.114909409645278 24.15299137136831 20.85723494220805 -1.0
9.928807394688514 -1.0915127369100972 5.746266557745652 1.0
13.819640640902344 18.062875761927657 -11.475463263772635 -1.0
9.235152998076753 19.551577870554542 11.36012212311495 1.0
-4.099167583680821 33.65848176715725 -24.174661063251122 -1.0
16.63531133264132 4.353923751547581 10.053401521497314 1.0
11.688285286271075 26.4456150226597 7.020583309624367 -1.0
7.0312172845530725 17.337051279270604 33.710342752754066 1.0
-19.048292018308334 13.679231708735562 25.71128931804422 -1.0
-7.91164077206572 13.55330015667847 0.17781201479637232 1.0
6.591927330932407 17.5837710484378 29.003013391726874 -1.0
34.4040870595679 19.829363408291986 29.698260004447874 1.0
8.384064204299278 26.42042436464 -3.6351253987510326 -1.0
21.460832606761645 -6.956841597956071 32.271390553686444 1.0
9.895329998226046 3.661209174535681 16.160386829848388 -1.0
-4.538099366698098 32.45378326508813 9.967309346543846 1.0
11.273637280105024 0.16436908907280728 2.977203982620428 -1.0
-5.277716860050226 10.899864837651819 21.965556955843926 1.0
30.222380033462116 24.113043670181202 8.291421227093187 -1.0
-9.322076356555243 10.902722022356235 40.12582795045262 1.0
13.326808959585167 6.229398993220694 18.420147626465123 -1.0
12.434726481091122 22.647798862302793 29.37088251563543 1.0
-11.053571693455535 2.6177826287670327 22.265605754943063 -1.0
1.5357638744315978 38.61947320454213 4.108364803334403 1.0
17.19929524428282 27.458359329660475 10.062228032688479 -1.0
7.15177170294891 38.77027989323044 33.4934197949949 1.0
13.17992633162125 16.060039628531467 11.401952743177674 -1.0
26.361550569125352 -2.3159309667772128 25.074317135375136 1.0
17.725020222889633 -10.14479862845367 40.56970253969986 -1.0
-15.020168574382067 16.964321168473663 -15.876939771304322 1.0
3.084416381507775 -10.562229354728009 22.342598879272636 -1.0
24.512699034440992 47.26488811926713 9.70260683878641 1.0
-19.931758842978752 9.317367537483003 27.786079978667964 -1.0
6.193567817267781 14.7629308608404 48.73608610647361 1.0
24.205864426098056 11.93172546323451 36.659639708841226 -1.0
18.988759028803766 32.86132160082466 -3.856736161002658 1.0
-15.273083595276715 12.732726582705366 -2.5555797330364207 -1.0
-5.549645606217879 -4.483087537189892 3.1357899721333906 1.0
6.517405660070474 17.191649724124513 24.693277284002267 -1.0
14.93028174323904 14.571182445386231 5.77226444937572 1.0
16.299124716897634 32.36983839079996 23.53914455452489 -1.0
-11.890879983641408 -1.9464454055019793 33.620895040441866 1.0
1.9297952845591522 15.778536984662994 5.5057334678028536 -1.0
13.608090921980322 -6.706417525100715 27.44597352252228 1.0
34.80617620529192 -14.92657962945667 3.9346560973838125 -1.0
23.388492401795542 7.106670845309109 20.489167294624544 1.0
17.790407001781432 21.861260595591702 29.540410784990474 -1.0
41.01247389013039 6.496416302434068 12.566272244404551 1.0
36.374058042689754 18.170888925595513 28.673655028415755 -1.0
-1.6638350357653877 23.488593539692623 14.608616635045772 1.0
-1.8600971569625493 0.7901585215652505 42.18760716509655 -1.0
-37.924810893688836 -12.789524332908556 43.7139540938196 1.0
-15.077461262046477 16.936033372168087 21.051869208194912 -1.0
5.979860043612576 24.77223958242578 18.239672904674126 1.0
-7.1544032393061805 31.869893245408914 9.728466956841773 -1.0
13.260507367824879 5.439015105009643 3.577968932842615 1.0
16.593200320794967 -3.251281480696285 49.15882983313608 -1.0
14.333655222713753 5.572587157324559 23.107220446607982 1.0
-4.461941322405789 5.91864580298224 20.792051423460947 -1.0
57.18050236629091 21.57909187973721 20.80282802740983 1.0
-1.313548966771151 -9.881418531531498 -13.254962080679283 -1.0
23.944050636476494 -13.913280446218149 -5.3209984351668425 1.0
10.993565337821305 22.591977759920916 7.641291474764449 -1.0
11.630866262989882 9.513059109465898 30.26866428060852 1.0
6.875297524694243 5.847165448056159 -10.32280643734558 -1.0
12.80628964681746 -4.224921523696452 18.71772480549955 1.0
-5.812336601192467 27.412744452381723 17.464242490096364 -1.0
-1.3950764458369989 11.175538756701476 3.792268878712527 1.0
24.963342710857965 8.465258716879394 -0.3451442566855256 -1.0
16.36272338912706 10.13939263225922 6.523321009768834 1.0
-0.5227879838448821 3.3563013505077004 -14.616424443296626 -1.0
9.348584208043553 2.3363200073449013 32.608212069842054 1.0
18.679922804273907 23.07830747529943 -14.58651246238633 -1.0
3.869179261254053 14.704999636446386 14.339711083615502 1.0
13.56326090940663 24.03315711028202 18.887787212761022 -1.0
24.486633381402687 5.0756929793657015 -13.132972350035613 1.0
21.357947776308922 12.36660152312101 -1.6087027210738754 -1.0
-2.4610102910101013 24.87695176720403 -3.129968012863639 1.0
42.46830008243444 -0.18631179032872325 21.702394304805935 -1.0
-16.349786520367232 31.50092657031059 40.2226370897981 1.0
16.96538055744185 9.04213117960495 -13.331822832037462 -1.0
48.79958052009261 19.232313736143105 3.166128109780944 1.0
-17.34065534480155 -5.086877749816331 -4.210282179837769 -1.0
1.9224412819320522 2.2933205735750475 8.997891757727658 1.0
21.103106793086322 19.02077415417216 27.49385004986476 -1.0
8.92553110391897 3.0622134356406208 3.8973630400658905 1.0
18.102220869005485 22.23858190380253 -5.199735270733999 -1.0
32.83410428802643 4.461929370544743 16.931392949365378 1.0
40.387399491199616 12.51400909335639 13.015829226245463 -1.0
-11.655280448358873 22.223196269022658 23.66464526625183 1.0
-7.078303584153087 3.002643137211154 4.598106540309666 -1.0
8.886934239813218 35.94566014569161 13.104859541703604 1.0
-12.440350052621099 20.90813398864073 22.095354095258863 -1.0
-8.97280422186218 29.522363073602815 27.96729734130926 1.0
39.644449449661714 4.658659105206471 1.0116599007742648 -1.0
45.93008412500004 -24.389765030857586 29.91643879205378 1.0
12.416258280186176 16.905421362085093 33.60864870632909 -1.0
3.0020938684497103 25.31022670548623 2.588432551748525 1.0
22.213904878894283 26.304798996822026 27.743078563952302 -1.0
28.218710432453648 -1.4942714082283572 20.6576679390819 1.0
0.17136321326463244 18.840411359191148 15.56676266929 -1.0
17.481678221921968 34.86059027237886 24.647692056209443 1.0
-21.831304995743636 29.627846027265946 9.580604479807448 -1.0
3.236448318201386 17.47676000593533 4.470660927539243 1.0
-21.36596050285493 5.576948018846108 13.204780199948045 -1.0
42.0885914326256 40.961743880266496 -7.322534239309622 1.0
-3.7144591356708325 3.3658936755394406 30.621086183898576 -1.0
24.8847410902842 15.83697085710743 44.731261260298695 1.0
31.199661031118 24.966915897415845 1.9957777945483723 -1.0
4.133124411939797 3.1726155431724283 37.435931796471806 1.0
20.851301940713995 7.6387997192127735 30.521522580934192 -1.0
-7.214747652268862 -2.2633702153632953 22.457364947282795 1.0
25.599063085695814 19.555771678665554 11.567528875639741 -1.0
4.235769898241115 7.069954220051057 -6.789173273581362 1.0
13.190181610866535 22.904822316610428 -10.290533155247052 -1.0
11.522180595997806 6.9508376017754205 20.73756985998943 1.0
17.74211234496822 16.060565175818876 25.81420785407039 -1.0
-2.5533292923415445 14.805098832962466 28.61859735030512 1.0
-13.753447975814796 52.60742792916428 18.964968948283804 -1.0
31.3275944576917 15.98805305373002 18.35307801949557 1.0
29.233081738672926 0.12341553676136535 18.03272663339022 -1.0
-8.265787307628052 30.224704387277676 -0.9785223301795334 1.0
6.6881665240153545 4.655545614655248 27.794032240956135 -1.0
9.261629773783197 8.131189158452793 1.8229929452154294 1.0
14.847525328322819 2.019704400960878 16.356733333997923 -1.0
-9.071134847602877 8.228106312566437 35.33496753831521 1.0
5.498901612246582 24.788404440058617 13.771555473793036 -1.0
21.75105872456532 26.981129978666107 14.998144986246256 1.0
25.811489009619876 23.894429245318445 9.351234022219503 -1.0
28.747799302665896 13.534898165898069 20.363295138488624 1.0
-7.024552733158931 12.6598633477993 11.207090734145927 -1.0
7.783454741516281 -2.7984769035439285 8.942865105525964 1.0
33.75200648703927 -17.584799456079452 12.750182565511604 -1.0
10.092826460094061 12.867933083161494 3.6103490564014598 1.0
27.96157891017085 -4.37847525036058 8.084391993788861 -1.0
29.7725648919406 12.951073924889812 26.809175644921545 1.0
16.198134322822238 22.34419423990436 33.37774118774751 -1.0
3.4309662297939765 -1.5575825470615605 15.374758451683274 1.0
13.865711201190447 23.85098581932329 30.722462897113786 -1.0
-20.535750975863593 39.897702317905186 31.037913682059973 1.0
48.00557605086169 11.88039000511826 17.495513536156473 -1.0
16.962405840239686 19.377860154424354 28.82070105073443 1.0
18.9607763657267 27.872215643650623 39.838391594911776 -1.0
6.066934335789244 27.024916287628244 -11.554589330547014 1.0
34.66336320832721 -10.633872579836098 2.1706333935908684 -1.0
34.35724725150052 9.109168312789453 9.632666414252645 1.0
-15.367108925596558 30.319088260707915 -3.462068382236751 -1.0
26.338414332412487 6.6244623433214525 0.8114869768410137 1.0
34.43061619968034 -10.385401725616546 8.70945828626249 -1.0
13.105588263627402 18.44803702488354 11.679847679112873 1.0
11.10068402854907 -6.094480375295515 17.75926872045377 -1.0
28.182624213935316 30.467005624187358 40.634823859543935 1.0
11.895625468453263 11.877557174901659 0.5763422350592561 -1.0
3.01738892948449 -4.224154307491247 3.5437918529503554 1.0
1.0065801914250712 26.964625840861146 3.457631984689498 -1.0
17.0046404839282 -6.978336103890566 13.219341843711478 1.0
-1.3916336038102237 20.963639370159303 0.8220998732704496 -1.0
22.688038132475832 7.706161652524542 24.509372989940477 1.0
32.72794019069846 5.579166595462157 23.640806352859798 -1.0
-5.908667936424489 16.862477398296587 15.434327391413161 1.0
6.783444591442963 4.486077677357263 19.80351087344188 -1.0
28.047102738712674 27.397519963288765 23.781459398849158 1.0
-7.636700650464814 2.2619033444805905 -0.003577390522092827 -1.0
21.283778333591705 1.2803717266373527 -0.3300725305041574 1.0
31.91278266501821 14.61315417486786 39.92509795298676 -1.0
-2.705547767543127 -11.390939353861151 -2.8453333283765154 1.0
6.369230708432838 -7.392673948434524 43.672118645782206 -1.0
6.85891447879526 15.880345666374971 1.6501055124782158 1.0
-5.041391441358382 15.494657680111562 29.19073704067191 -1.0
13.264474714598997 25.378274577046344 16.716785365314763 1.0
16.659512508647065 -7.061109024555336 22.63074181277025 -1.0
20.646064035739773 10.415491871068058 0.40484165328640376 1.0
-3.9876322135866573 -1.4013424994534915 19.68478755589835 -1.0
-2.5161996011975063 27.662385381729703 37.38634640426829 1.0
-1.0814958876752492 25.082105686128347 -0.05212985829654215 -1.0
-13.570879360739985 29.326329051582597 14.753932128465157 1.0
-15.553326060429708 12.79498251067161 13.454531529331174 -1.0
-14.262559753490061 11.13987670779384 45.847680863731384 1.0
-7.719741214853144 24.026841658417954 16.860973962220996 -1.0
35.39666806893801 6.446102221745076 7.974724355671402 1.0
11.213875374351968 30.245005134526895 7.338244731391994 -1.0
-4.8464771377389155 30.023897579132417 -2.8791462222760877 1.0
3.3835998839787127 26.080923362129287 11.304687235775333 -1.0
0.9407068754290537 -8.544051935743184 12.888407322794178 1.0
-23.616953309094008 30.471864387750077 6.441697788652418 -1.0
-4.226532305912681 -1.3058868287458516 -14.104488767276726 1.0
3.966513057845568 26.913874857715125 7.253167994708059 -1.0
15.784857609635951 15.670117070397138 27.126791252827818 1.0
21.12395778250255 11.293765884622943 13.379674532466675 -1.0
5.5442674634850375 8.009893188084693 14.739518743852681 1.0
