512
25.557108333705028
23.859873377243947 28.46184150431441 7.269483791259494 -1.0
12.355531194946662 40.31825198215939 6.094485629435811 1.0
19.405489885913962 -6.302050804565358 26.826473178230238 -1.0
1.5063902580198942 17.232255522707817 22.246982051985974 1.0
-10.49935251383013 25.58970784938954 5.314582893596982 -1.0
20.725565782132374 15.173722780353765 6.120572059028512 1.0
21.17409190184432 12.85706716638957 -21.67814879911866 -1.0
-12.12110263254184 5.2031550369760815 5.623266125541284 1.0
42.7362392222678 29.389659215327683 15.958733800561829 -1.0
-16.4021082650188 32.55696972882634 23.592122598398547 1.0
-2.3722414801277445 -23.324395029300597 -3.948659709969924 -1.0
-21.952351133880647 -14.739407858737335 -8.260886020156967 1.0
21.262723756923727 14.675100168322977 14.29711870077442 -1.0
12.231118781827947 -14.078817417655111 12.276534084644004 1.0
-10.561824239557714 26.67729066126063 20.331728184948588 -1.0
3.4521264707223107 18.715308647801475 26.90941951914691 1.0
23.70086423499281 9.331164803951381 44.30081073256517 -1.0
2.8842096089644182 11.133004204141317 3.2829239187987698 1.0
21.67042326351618 24.96631098245175 34.83635763980302 -1.0
4.790136777219329 13.806227044029148 6.515250876276146 1.0
-8.13165006663949 14.168180531853343 1.2601099766386739 -1.0
1.893962697273221 8.344208026561153 46.42673686595575 1.0
8.819012951041117 26.81779831313323 0.6098359221905225 -1.0
20.93281930841035 17.171668544841506 -12.34482650052015 1.0
26.65421661790902 21.084384253267697 19.558304766544172 -1.0
7.165802899704839 14.893410809887783 21.125448488549242 1.0
21.812012775160163 -14.432702077467203 14.118224393032278 -1.0
-2.104942502748095 -3.540417999733844 3.3047497674070785 1.0
-14.447914412154164 -0.3792883789565593 34.51445024472674 -1.0
19.38227222184875 10.215124478911708 -8.454839010537562 1.0
28.598377846877323 -0.6145286960738154 -0.2302046020916535 -1.0
2.5915818523773173 22.81752031946167 37.8053421837777 1.0
-7.287906978963093 35.419765518528465 11.701493770353572 -1.0
14.337125217465474 33.770275756287795 23.477012912763154 1.0
-2.9189194128933025 18.373336203873247 14.746992582434201 -1.0
16.999700708334192 -4.63582785083274 19.56057743677378 1.0
11.102404764432 -3.723471823410172 11.619440825174213 -1.0
15.558061879746983 -2.1375001102715636 10.149838181607274 1.0
25.79548248706925 23.28018980350544 -21.742823972081116 -1.0
-3.3494462964056773 16.50171848184568 34.84891952777978 1.0
32.79936398367522 7.14870547260123 5.112791567376441 -1.0
-4.1724099323312345 0.7211321407341321 20.217551989904557 1.0
30.51030381953747 9.106034473725213 16.260035993410273 -1.0
-7.126837529040227 21.99807248615703 15.847272764899765 1.0
-6.27439056267627 20.277182134949644 43.463759595031924 -1.0
3.3776715445390577 7.185231245322477 9.668252259543015 1.0
-0.24818503924486635 11.593257362962776 7.318160480977263 -1.0
6.289433218604011 -7.718002385290891 13.663709692993127 1.0
11.05290293752441 -0.06856690451316183 4.1604740401601426 -1.0
24.8702492218699 23.499977183793355 18.71161301955037 1.0
17.743782557783447 12.659706555337843 23.26766834962138 -1.0
37.99094557664756 35.86117160849501 19.046615155386803 1.0
14.714467158385697 22.284744049576037 -18.204727718759017 -1.0
18.91070421375519 1.749235839911151 9.37638582522903 1.0
35.560156734612576 12.869624913827733 12.240315005405963 -1.0
23.0274286246029 11.05107328439682 5.328935490457803 1.0
15.852374714414745 21.40758329149584 3.5109866826779537 -1.0
4.95650434628204 39.913022587408925 14.92152340822563 1.0
15.644220389622184 6.8219312653233155 11.404075160800886 -1.0
8.968435769243406 12.020065999088304 18.26254013889659 1.0
14.064075007609913 24.983866874266734 -12.826198573389624 -1.0
-5.769925491763729 -1.9362058347947375 10.281134691316618 1.0
5.99733688368555 6.485323234720968 -1.362975095934349 -1.0
-5.305681819267029 25.259330672303996 17.075729474362213 1.0
-2.121897620883839 20.99662490366332 -6.550962317981568 -1.0
-11.170377596333628 18.15349789808403 21.637826002841443 1.0
19.86741460925973 6.84535506076853 25.65795674831028 -1.0
4.400062241363095 26.505066398284608 19.58191109110555 1.0
10.720211392013747 21.18150837343979 20.3757150300667 -1.0
37.20359127847971 10.943611404082054 -19.320970638069916 1.0
9.207822170907797 43.16336354403498 38.308695011377694 -1.0
-2.3827337283014387 35.968216941176614 67.51662658049092 1.0
-7.237414337127337 3.989026296759198 11.854988798550142 -1.0
0.2549481739170003 31.190425603144575 11.468407042185044 1.0
28.986421805989853 30.296556918188124 -4.882799482691986 -1.0
4.577921792299632 -2.37040057192986 1.4165022747277813 1.0
14.802499270600123 37.104485884814096 28.356272693059555 -1.0
16.50153343574145 24.048207775614195 28.83189033997774 1.0
22.58180627142621 26.414016976455073 18.080797957373132 -1.0
-4.230137992367034 7.912159777580948 19.904463998363454 1.0
-0.6294026843336553 14.774558401808415 14.404246549540403 -1.0
-5.9405866952882995 4.55840906690673 27.649935553061848 1.0
-16.817942044480127 4.474872150581111 -3.083528746642415 -1.0
18.173980931472094 10.33210908637418 22.39425940825852 1.0
16.97960392759481 45.06112730456417 6.370458531488798 -1.0
21.507861449417003 30.10511659970817 -3.847689442287642 1.0
26.340572473055474 10.175013718217421 3.8339367736035004 -1.0
-0.9226777632774947 17.53398412155667 30.175792714859384 1.0
9.040413867216445 -1.0285645350463426 -2.2983675545042246 -1.0
-2.7701642612910646 15.610444470432597 23.88645960085004 1.0
1.0656714883946952 6.524514581383258 34.8224373607939 -1.0
20.311498977037466 9.152701262770169 8.201484854356197 1.0
20.86088043663449 27.672129729398208 15.501164906195532 -1.0
9.321460571798456 41.408403180506795 25.491054187393782 1.0
33.804677277620414 9.017910311360493 10.478728494231726 -1.0
4.814003072565438 30.08390214792002 11.777827750239005 1.0
13.079808680001152 -6.054712721421396 5.609870944291391 -1.0
35.22713744596709 -6.649127210789391 -3.9826145589325286 1.0
21.733341666729697 2.609486437896458 2.174287947858671 -1.0
2.54579422758836 -8.707620963729056 31.47280278559805 1.0
27.798739830673544 26.808868329005147 3.275060973640258 -1.0
1.340408953310168 -9.4045608441163 10.05534175803818 1.0
23.185637015284907 -4.436481255494158 9.012303938498281 -1.0
34.203097905857796 28.000318935451958 -1.7045936793276333 1.0
19.527042685501357 11.9078328023413 7.872041212566948 -1.0
31.617743006630874 23.091980053796153 8.37016096856534 1.0
18.0411744375372 15.369772091685306 44.52440211903486 -1.0
5.210233089869063 12.0258520639941 20.936117434104858 1.0
0.7782330429299994 -4.263472740261577 10.593199767271472 -1.0
11.145581132238343 25.55973862606113 -1.233431345209329 1.0
11.385158723323991 34.1052809711499 7.523741512608238 -1.0
-4.028134764615967 1.0260531379297124 -1.894958334600723 1.0
17.67984037158663 -2.957968030235449 11.80830946851078 -1.0
-2.0625057196139096 12.179350208283722 9.211965174936914 1.0
18.74971810965885 0.9374146662603404 18.718691575323252 -1.0
-1.3132037905150789 8.55735886840618 -16.45160151141838 1.0
13.474455892271957 40.57107121329844 20.13044743384244 -1.0
13.115670020793894 13.652493205204914 26.947539554706314 1.0
20.195365980442784 24.654380365150068 25.453221909634593 -1.0
-2.4909493664177305 -12.474830469036291 13.005458518895086 1.0
6.09704565548245 2.8033898131382813 31.183130854992243 -1.0
4.632181609180056 3.4687930882114215 7.2577943926468675 1.0
-3.5847997483523493 13.971323842537851 21.79524553037917 -1.0
26.530011546585 13.073147213655652 12.93937533660344 1.0
2.914249696058113 10.042349793144236 34.68359609078034 -1.0
15.446963447239824 16.406079807669695 18.412877435030516 1.0
10.416367061605696 31.212713250200736 11.677444106066941 -1.0
5.3396160344779835 -9.591030075979914 35.27039317300373 1.0
17.15476953256968 3.5650775320624852 -3.1004937692979553 -1.0
18.821205366597344 27.921507607661976 13.874833224176154 1.0
-4.209628105491841 32.56994687619246 16.97325019082459 -1.0
19.176209381738495 12.817300527818652 10.478613577573725 1.0
-14.138918124794557 8.021981654902588 24.08716834662837 -1.0
14.824540296577213 9.593500481060438 14.958771131893371 1.0
-18.70022218744912 12.703104171138591 16.54358879521852 -1.0
21.106900086658197 22.21426264499804 20.033876916380162 1.0
14.890558325520464 3.4933278746591787 12.877414982598799 -1.0
12.061297858330779 17.696397227423493 -11.039933940642737 1.0
30.849036695776697 37.80885027329093 1.701568467762572 -1.0
0.29891581112608917 17.918926145483592 14.38733327589998 1.0
32.55834982877258 5.311000214710282 38.68225869126111 -1.0
32.07509896409816 29.89395440742856 16.759579738916305 1.0
-5.070197906815768 23.411830337368386 15.002206430033935 -1.0
31.821565200393927 14.594930718406994 1.3412232383673048 1.0
41.47391650981928 6.113446710758295 -20.125057665778357 -1.0
15.219834048497644 17.77969782318223 30.978513278673702 1.0
28.810915620689045 6.110082374451495 6.101150937947931 -1.0
20.79461856624086 -1.4314114593337273 32.470358002716154 1.0
-12.36058255463053 27.099008913270524 -0.8571049968171103 -1.0
28.25971666490892 40.098265874818956 2.512642860066357 1.0
-1.5196150239870647 43.117582519896935 -18.052690584919038 -1.0
-2.937477862861016 22.562882425102913 -0.9182873288225402 1.0
1.8490716623843417 7.339256772604193 17.93236272758172 -1.0
15.699235763080496 9.590765427015032 11.277525717179078 1.0
22.919286206504758 13.331030844352801 25.968011314414372 -1.0
11.5219497478649 10.828785483970277 22.763273875620353 1.0
-4.755765660245782 16.09425377172552 0.26882361706657726 -1.0
19.306788680674433 43.911465370273305 5.09106432796345 1.0
4.925909846690193 -0.7138443802085703 6.980754616247066 -1.0
13.70211758140711 28.708476287455255 -3.103851901025674 1.0
7.2724854108248405 18.28785221000475 21.997773187917534 -1.0
48.85359898128712 19.696022528829765 11.04433895479361 1.0
8.673532483003445 38.79241235529124 1.2231848583412288 -1.0
-0.9787410299121682 21.470474501102803 21.52754740360899 1.0
-1.03536922103169 -8.392439440587488 21.28449569567297 -1.0
11.583074484651595 3.8225645654495835 34.93104803927831 1.0
31.477684908770847 5.9838094133001345 9.43761782417117 -1.0
8.221088379189133 33.2820568711443 18.54511788971225 1.0
3.722610857825844 18.013764351777315 -4.014921990000168 -1.0
-4.302212511103956 3.6287562311793593 18.13730551209548 1.0
18.616904708205173 27.798928713414703 30.3806461928721 -1.0
33.648554143311884 14.021466096119735 13.605201870706162 1.0
12.933882367411996 13.436181855046486 10.359559362014982 -1.0
12.96405390044023 1.5652594461839158 -6.951408455426272 1.0
-12.459846826613228 37.50091382186908 -0.7824783909737789 -1.0
41.748971934723336 39.01630915692049 -7.373104640242115 1.0
13.58368915889763 29.81658508638528 27.911537788952025 -1.0
10.642807093037892 22.254605229433935 40.07621578859069 1.0
4.110350805581053 29.916078015296428 28.160017324860917 -1.0
-7.9734059190282665 25.732485020940068 25.540348902726613 1.0
-9.518066811913869 0.7748084307018018 1.830379003843724 -1.0
5.277684434769799 19.966667333608324 20.56632048076052 1.0
16.928472643922873 5.300162593476386 -23.65225166170064 -1.0
5.240909109133262 16.68710374441627 -1.7206697850136479 1.0
3.9216569191986226 5.003007737671902 16.21219176183711 -1.0
-9.392003671539058 19.477314446800328 25.019841832643372 1.0
2.9719480043969284 12.391883902662412 14.991376048149395 -1.0
24.89985869356933 23.154930604849447 10.12597193539056 1.0
9.090806971921156 2.749378077045107 33.64762033027625 -1.0
8.797393976747163 26.27598837752195 35.65824016772952 1.0
25.304476870627298 13.306874699511797 10.784056391357124 -1.0
11.56784113382064 -8.582471467830572 -7.102206219245328 1.0
1.916838932301412 -0.6586560981474321 36.528712872289496 -1.0
6.155716127990952 24.988163491236026 -2.8500534209136674 1.0
9.487380511347078 10.163189469236697 30.313367922503375 -1.0
22.211970558237148 -18.599807785243012 4.865484795197073 1.0
26.32176298452205 -22.491971737749907 11.44981691588302 -1.0
21.40379718065357 9.074032207380553 -12.984343769058034 1.0
25.120296950934 17.510530130811652 11.437296546344365 -1.0
18.229687118398957 -16.60796643767828 13.993939364644318 1.0
13.276981260693114 17.36519500803689 12.012399000038902 -1.0
22.964524767448342 15.792719049092424 16.079781805154546 1.0
23.875914103510993 51.71021535660344 12.867624410516354 -1.0
16.672200170551573 36.13443939228723 26.509210333043335 1.0
27.371317693355877 2.9499523349001127 32.466969220685236 -1.0
9.137299607715626 41.03658593424647 7.152102292822782 1.0
-0.7659753122510224 6.151098699563012 13.565586381381795 -1.0
11.981413732686066 -4.019898945328396 -2.2618825591155733 1.0
-10.519668619646312 5.57293811767415 19.66412953417462 -1.0
24.534191168387245 21.863674932843175 32.08980220213086 1.0
36.34333967667182 -0.6298378930463748 18.36348291487656 -1.0
46.02309944917402 13.696561291072602 26.119604960277254 1.0
7.705299364031033 5.057132936014108 2.5517442980095417 -1.0
20.005199494471107 12.763880676059443 14.627057476532423 1.0
12.863525498011901 17.728303504775923 -8.77538166181359 -1.0
3.155269085364314 27.81853184838177 22.492832309306458 1.0
30.163023033884095 34.64146842388698 12.565537099647846 -1.0
-0.5790877696592176 18.995166558845874 18.561389091560855 1.0
-3.6547251783474763 22.126008783804938 30.99252641222409 -1.0
0.46807863008092776 34.32987802703621 13.204362986305103 1.0
-4.250260134765007 21.09403445622778 22.513923879259444 -1.0
27.430965953223854 11.027581694912648 31.650095180932546 1.0
10.564557971257488 39.01289425776926 30.950218537936557 -1.0
28.605274734969985 14.887092218493242 19.798753067259387 1.0
40.85750743095008 36.88659597072887 13.046177685163787 -1.0
18.779188805679524 21.71143568455005 27.089292440373924 1.0
-4.342576540431885 37.415281830180746 17.727444957747164 -1.0
-15.913780131830437 -3.152624241848958 8.669967156463454 1.0
14.197391313679924 -9.215187268209174 32.98556046679561 -1.0
23.931625587341873 32.289246506128194 43.75608958743585 1.0
18.516558758026424 32.34283210772041 8.33468925545703 -1.0
19.536068802539248 20.56862036205309 -14.262044707795251 1.0
20.864468634079586 18.253455493345975 10.707302213761253 -1.0
28.930929547736007 33.18502454696982 15.0079801390439 1.0
29.19806451027942 16.167687320941067 25.68371377547773 -1.0
18.91926364587375 6.3413791652385285 16.060352563849914 1.0
19.961844789851625 17.021009664873677 7.682926305442233 -1.0
8.661583968192081 2.031511303460635 -21.934605514503968 1.0
-18.469314607420667 15.81667330738473 15.32866114447189 -1.0
-3.14866591445659 11.881458927256748 20.064189795313336 1.0
32.645209243208065 10.695476999827141 19.856895024421636 -1.0
5.012857137188047 0.03661316797319358 4.836253353437966 1.0
32.87020887773002 13.10358871418784 8.69647731868449 -1.0
6.081630164736595 7.678297064641364 11.29941077331508 1.0
9.166732023444302 -8.668510780441267 4.897109310230197 -1.0
8.267427595173789 11.908613123076307 29.364602651694334 1.0
13.230841939381255 9.075159816541623 21.050865388110832 -1.0
31.996747456760012 22.56515192214655 12.942346894838826 1.0
-2.486960837797252 34.45828751354189 28.370775574103487 -1.0
4.409524041442035 31.765275404660116 18.698817342294312 1.0
-24.591156886971884 39.362780751927744 18.45601391674595 -1.0
22.4960070537264 6.865723683318994 -0.2394615905013957 1.0
33.62868162862594 -2.6023649417293058 14.648907336773032 -1.0
15.16880493482183 23.41577980879329 -9.84152026549986 1.0
20.387824633667037 -8.828710750435018 -4.195682583674142 -1.0
-9.167426624170304 3.650656084115549 29.096450006416557 1.0
38.67153747479307 -20.103218561624942 9.201583286446112 -1.0
-13.3818436555602 31.53507644595074 0.9195790333097263 1.0
-3.1586627734741732 39.694955522139644 7.577863456069136 -1.0
7.47584175449478 19.380880145970046 26.18949622009171 1.0
-2.495342125360903 23.932488765897922 21.03265754997414 -1.0
9.24626788602763 25.93936209824417 6.505760720194575 1.0
15.374801024037742 18.767236096777822 19.252180489954277 -1.0
1.4468578195249737 14.697265758682622 16.155308981389396 1.0
11.828469196190978 32.818213275377055 3.154029530053655 -1.0
10.828785112131339 16.310787213928098 3.393462956677062 1.0
42.53670799177417 7.362576789664487 15.618819895636115 -1.0
27.872040359280195 3.728006509080837 29.773920380535884 1.0
23.929627585346278 6.388542526837168 20.685188409751692 -1.0
-0.5186746900717374 4.084867044738559 21.27866103371896 1.0
1.3613099632666037 12.218444516900146 25.738112017170813 -1.0
13.122926657109339 10.139657112751898 26.984014914850267 1.0
30.50812107389053 15.25645366118057 3.6557123617871867 -1.0
7.6384109648262095 12.022749403012732 24.930588772393033 1.0
15.08187478544908 20.374740705339647 36.147903898480116 -1.0
11.68112646840961 -1.1633079608292398 11.608789495021878 1.0
14.488828591639885 35.99057461279119 42.97127830646227 -1.0
9.193453578441675 5.337518039043801 14.342993997372915 1.0
6.797387551819608 17.215771033226318 0.2666730884853379 -1.0
7.730514742840465 10.465706663388392 41.45188536770123 1.0
4.565827095138868 20.62214113334816 43.81186048496248 -1.0
-20.493343116760386 37.69244001018814 10.042287965982979 1.0
4.261236456470509 -1.4725575972126137 13.670329275552346 -1.0
9.868511462564623 0.8749835063384874 16.54814529205963 1.0
11.514124052243004 18.559548209193707 22.61391425207487 -1.0
13.421795730260625 1.655931516285617 28.978120605276352 1.0
26.599137744628692 7.555039138465045 23.495081851898412 -1.0
12.748279780078537 6.441710603201784 -5.0416860752776 1.0
7.74849346518723 21.338936415165314 6.771634585820255 -1.0
0.5789737343061044 5.375896668933815 0.12163193733193743 1.0
25.36720538029877 10.40400823474456 21.15771316108532 -1.0
-17.234093610630197 34.07911326933032 2.9698977595653075 1.0
24.34000162173213 17.676609652649837 25.829049863100494 -1.0
-15.826583924896259 3.8843491184407024 -6.29436062336184 1.0
27.998212846706608 15.805632890904244 -13.060235684061222 -1.0
38.28483706606587 31.969470122390703 12.121755759845003 1.0
-3.8277963516151097 43.25046579860634 29.717189991122225 -1.0
8.955969766927804 -3.1097822281288217 24.79953519823439 1.0
7.718162969391514 34.84809753102408 -0.46406788615051653 -1.0
15.194331437844808 -5.77969495186392 8.131400193382586 1.0
9.724517568830857 19.58936852279274 25.111201111105466 -1.0
16.272907608321685 5.291501389599879 13.64978559776155 1.0
8.934995148550739 29.067527711724203 16.966828690062197 -1.0
26.130141455297423 5.066014725495197 6.948928976734949 1.0
7.200663021728819 -2.9368091654049806 26.618116298363542 -1.0
15.693264360186761 20.383552410631882 12.718157387729915 1.0
-1.6688072284140532 9.100681372195979 25.427275434066736 -1.0
26.87611778860621 12.896081165078733 9.0995796548026 1.0
1.290921705678813 14.569158079573903 -3.0929306893999353 -1.0
0.35447283300626137 19.497780499857896 8.246779777713868 1.0
21.529767631455393 7.584732363626221 35.478199747011644 -1.0
23.398266365266633 26.05281887875871 7.686692886941713 1.0
2.3928468037613495 21.35909599334466 26.365466718491405 -1.0
-3.4389681043437506 1.4877259120915693 11.541708395205267 1.0
10.949016256546427 1.8455306738900268 11.938617503598676 -1.0
4.127674606039432 22.546723517494478 16.308852987821897 1.0
12.928642509827334 9.27367008756896 10.885975870704977 -1.0
27.226629142222155 46.51031958014082 4.375081313729713 1.0
18.17919349516732 8.822451537261317 29.036351357172403 -1.0
25.491486579537746 8.056989594093949 28.291864558202093 1.0
-5.784449402181156 11.083971000443748 25.898135200567086 -1.0
28.05064116623025 23.036451374723406 23.356024568867362 1.0
5.756483968798241 27.176604523107933 21.444705077987493 -1.0
9.29068270488111 -0.753210215133528 2.087649211296772 1.0
12.882264320746922 21.602599375113385 -10.359811863161573 -1.0
13.893241764338965 19.78045099586599 16.74000391520384 1.0
-5.4294150013556255 30.985984009690235 -20.50075359083604 -1.0
15.470533486793899 4.092723177714238 10.504520883576811 1.0
16.853606674466157 27.956735844169533 8.332880671087285 -1.0
8.818054076713254 18.601234319317996 36.234893801371015 1.0
-19.98268898336058 14.114798169145976 22.89261130580895 -1.0
-3.260940364891546 10.88234828820663 -1.2876785876571084 1.0
8.00016732473575 25.09648215599672 29.904418875586103 -1.0
39.5550779098663 22.462762464287554 26.60161163293892 1.0
11.008700459111559 32.55564469183846 -6.821874186028104 -1.0
22.93778721814924 -11.041118945274626 28.603011045669945 1.0
0.3640252853854036 10.161371661214247 15.417269097090385 -1.0
-0.5196634743736013 36.86370660459788 1.3873306348312542 1.0
16.44755006474174 -2.2039053859962756 0.7439031853475968 -1.0
-5.498783726933418 19.153238282335206 23.040062772448398 1.0
27.892840678512513 20.884736362896636 6.834904071958478 -1.0
-6.0790836775078425 14.041978410758167 47.745720084605765 1.0
20.161493177981438 5.609388007828888 19.771586125518393 -1.0
16.689342006720864 13.874911405141086 29.251306207208565 1.0
-5.4453221025775385 2.389872656900197 21.521669853771275 -1.0
4.96273600770012 34.90349286873029 0.4067277503674778 1.0
19.010245540441844 26.09822841918965 11.663864773678272 -1.0
8.495615609324528 37.1218292055023 36.14152703431413 1.0
16.142529442063324 14.81038743600135 15.995082549876926 -1.0
25.947830753190626 -1.1610046785212198 26.82426972846843 1.0
22.449231215602662 -8.19231546809085 43.644585557488355 -1.0
-7.923635898807412 17.390595770637418 -10.824829027746256 1.0
-1.9041992570138007 -0.4273674437930808 24.8691333988666 -1.0
22.348852163761272 44.91598555013016 6.380279992654886 1.0
-20.821623826318287 10.465074887075462 23.44325427373231 -1.0
3.512028042928183 12.985482843434923 49.89418269530387 1.0
29.409891207731413 13.74504150536219 34.301087458008155 -1.0
20.558176568622464 34.78997121077224 2.132149649391136 1.0
-13.977981989622057 16.159019415297667 0.8883954133028603 -1.0
-8.075993123324768 0.4101839619650698 6.184345184521462 1.0
13.297727347288255 15.406560865089704 29.12663785403521 -1.0
10.306704085999021 15.6469347765804 11.47218642358656 1.0
14.953484772054551 34.133642794474795 25.804882735454697 -1.0
-12.326859343351556 0.11142232431718703 32.43841263288712 1.0
9.24322223139779 16.33138159203668 9.3601916405767 -1.0
12.157169804014275 -7.624384693015859 24.911778890242545 1.0
31.05381116159152 -8.322658702775616 6.808065752401792 -1.0
24.269610615146938 8.231641930216787 22.71365894419064 1.0
18.559842219132772 23.863905685737475 29.974177587572136 -1.0
41.65915294900964 13.612549980813538 14.12411031133427 1.0
35.89870628748885 10.655229361745246 16.990271731606047 -1.0
3.1909368924982893 27.075894993712808 16.721933415494256 1.0
-5.837667166890174 7.104995601756482 39.44127865790686 -1.0
-24.931091919479886 -13.043738301303872 46.58526728247671 1.0
-16.008926988415674 15.14411216815006 18.438663233888956 -1.0
4.336140572908933 25.872730333130637 11.74601580501791 1.0
-3.8478191751491906 25.940098231173234 5.640217113877738 -1.0
15.71786929093969 7.604748019951916 2.911949953277051 1.0
12.549015722317764 1.7769960839585037 41.59356010445663 -1.0
15.174967798722252 5.539441625915768 17.274133018402825 1.0
-2.25594690253482 4.698801719607996 24.249936976591197 -1.0
41.57652206721295 23.986273648583555 20.440171202548033 1.0
1.078198527019389 1.7400786395113768 -9.951629795795188 -1.0
22.15950107210412 -7.289589266783921 1.301682334684643 1.0
2.1438879050811055 17.722552678336495 8.64845362378317 -1.0
14.057435484595732 7.983477385168374 34.442366666038765 1.0
5.354538042726759 14.155062759953813 -6.049468129485518 -1.0
14.494933160420517 -0.22884597606563162 23.503699119934396 1.0
-8.315024900978099 24.735633749334422 15.697753521730963 -1.0
-3.916980264664776 5.647813321870759 8.151833966061043 1.0
28.432629315043553 10.973669349855863 -5.802162383574778 -1.0
14.298684183078331 15.632507048267831 9.75624645068676 1.0
-4.643412513361614 3.379471729691955 -16.500418744966836 -1.0
9.734682719417993 7.65059429381616 31.153415468285807 1.0
17.753486269795303 11.228366471395661 -10.030786989470029 -1.0
2.283890528396671 19.094742171260506 11.86466133445792 1.0
17.109557506566766 24.978362763353445 23.02290930655416 -1.0
18.597559202578942 6.445291746882355 -14.72530789263723 1.0
24.104336422449748 9.841967350675928 11.511971492372005 -1.0
3.010085293038135 22.85632494920998 -5.557826725751223 1.0
41.533551920017246 -5.541517491300294 15.109106044734833 -1.0
-21.045128140152315 36.67071770377251 39.583803424596226 1.0
18.798214404283772 9.18763466227809 -5.947016136872513 -1.0
42.72291398698822 22.151493114003397 5.972294727356871 1.0
-24.360291196854547 2.61420053795454 -1.2511172434875562 -1.0
5.812181418357415 5.43046812665261 4.124003096712536 1.0
22.78329568815186 20.742452818829666 26.698179964382806 -1.0
3.5938939635942995 1.8626672295305147 0.9169146544301491 1.0
13.641063760665006 20.36247709741 -0.22376845662820344 -1.0
26.011155155890314 10.039471252477503 18.279886141181816 1.0
36.76879217815791 11.866110457988082 20.253703584470824 -1.0
-8.878404526660631 27.57293497584795 17.65932703375192 1.0
-7.4019607645971135 -1.2429286323616822 8.30741663372958 -1.0
10.210251023496921 33.53771991783756 10.092984158361585 1.0
-16.074182481357848 14.08582326848159 23.05141261699134 -1.0
-7.364556683803276 29.73218043464824 32.821171828979175 1.0
30.879536337154736 2.2543886469221572 -0.9387845664600967 -1.0
41.74625278220904 -16.151385580144648 19.354934071606426 1.0
17.26997151558803 14.507281441874825 36.2568652460418 -1.0
3.067805009352424 23.15440395237176 7.9333660192147715 1.0
24.620534633197394 19.962223388133353 30.084483210844567 -1.0
31.478923239349392 4.731441305934997 22.266037867732035 1.0
3.6753538107542614 16.183222551315822 15.961331020468347 -1.0
17.06789221068406 32.00764260315459 25.175207757432215 1.0
-22.87101847560481 31.726873110811884 12.11479122979077 -1.0
12.747602228147908 19.572454552633648 10.460741511560858 1.0
-29.532247906182665 12.948259660461169 11.042977082573678 -1.0
36.831797909956315 39.81677550902949 -4.608283412195089 1.0
-1.8296406712242437 7.128084209433104 32.57695814966153 -1.0
28.235072567371454 18.57253211504977 42.74144412293677 1.0
31.056714398092872 19.932300843757087 2.3370066594915873 -1.0
8.004682547026114 4.035198882967677 35.94395767271848 1.0
24.575654890733524 5.701319577819136 27.36460715659707 -1.0
-3.693737383539222 -5.7446217839666645 17.231405187557137 1.0
28.314158781481318 20.060417301372016 14.293251361663433 -1.0
11.174703751632155 8.231329510291632 -9.18999830941419 1.0
12.74391153519255 23.969694317402197 -3.6469989460676615 -1.0
6.250587349097075 8.940053238752055 22.047780582075966 1.0
17.51085945791128 16.51131290315321 29.72032129019737 -1.0
0.07212535310723175 15.570632680199866 25.83236492997098 1.0
-10.709881271434103 48.545362082186756 18.281006807113727 -1.0
32.784489248400945 15.021507837688146 17.591129893318303 1.0
24.059268431892406 4.576501972184563 16.717203470633674 -1.0
-8.050090744249882 26.86451332214147 -4.224561164409344 1.0
4.667777609756573 10.46631806416601 30.61796621218505 -1.0
18.730279396515954 16.543549916779142 1.9939424528632075 1.0
13.22763237681348 7.262626256001407 14.970883739757964 -1.0
-7.09267132741445 7.1872793354921685 31.239914405820862 1.0
5.664866520847645 27.767146840892984 10.82594858867315 -1.0
23.972253310517587 27.260169545137114 15.95402454094825 1.0
26.021982771353 24.31860346828091 7.632536942028255 -1.0
26.35384760805925 27.11891152914653 13.230377638670113 1.0
-3.6402661298252426 9.712464437515694 21.937167177672247 -1.0
6.487588348199587 -3.9608964976772896 3.828669290548756 1.0
34.272087181340765 -17.781597402556358 15.983004977854868 -1.0
13.837746664315862 22.027360626249248 4.788724598561604 1.0
25.49321562817419 -10.196409064958223 3.1131715777282283 -1.0
27.277589575840658 9.912453765147482 24.529080447968628 1.0
18.344598377747474 18.281821528831276 37.971684925312886 -1.0
10.726620972771698 -6.7317516480037405 6.470180024472563 1.0
11.597629652370998 23.44560943654117 25.86576475103846 -1.0
-19.495629889425732 43.1963579563854 29.64933214769734 1.0
42.26294914716155 8.290291251127943 22.319675317794548 -1.0
14.889747433216947 28.792755944638444 25.97555320862495 1.0
22.134181364156227 21.872826992806708 37.507966015217875 -1.0
17.44284935127757 31.434107690875006 -4.276594952607045 1.0
36.319253744859736 -5.50736000338123 8.651377008626886 -1.0
26.571963732470806 4.739583070589629 16.91418161813046 1.0
-14.053393005571941 28.15205234305545 -5.307534151728639 -1.0
21.554251309371296 2.9780385849252213 5.334134676276589 1.0
30.966321203548198 2.186690732274875 17.728989483822783 -1.0
10.049588017189842 24.920169634992344 20.904852372445106 1.0
4.594521042366818 -2.5576704232149226 22.220648171771355 -1.0
27.139081940739565 27.741732665423125 34.82862383839507 1.0
15.547194130872539 17.13766522501708 -1.6398544052408255 -1.0
6.126667414879297 4.539141172953877 0.4555689920027631 1.0
2.23028085012951 17.971134672642695 3.489339700134752 -1.0
19.835153894732787 -7.921023296997035 19.27168185246039 1.0
-0.013031845576151113 22.32220144778562 -1.6189948018102527 -1.0
20.55035081027476 0.12816231532970296 29.066703796438127 1.0
28.115759355912036 8.657061670891474 26.464118159630384 -1.0
-2.340153490977201 15.599901082902043 20.154858942950263 1.0
6.317023432083591 7.054186000708998 20.37894278946025 -1.0
25.169738423811918 25.43093206309284 22.648254893667435 1.0
-4.7956668572272605 9.431721838928345 5.730225866154702 -1.0
27.178195754849092 -0.32457956362889107 5.4889178126034395 1.0
31.88674681039494 18.577828880290678 36.312181788282686 -1.0
-0.17893880869410594 -5.502029992056595 0.9313748341475083 1.0
7.778209410817745 -1.569655512766026 35.58614231684372 -1.0
5.68771733286055 19.51848294510457 8.142509042916164 1.0
2.738037276970386 13.400802494624655 30.655084392856953 -1.0
18.876955565181166 22.833346522259664 23.244448467684887 1.0
17.430501872999 -5.2794080043206755 22.96697710490446 -1.0
19.200750074533676 11.353363413285015 5.085672964039406 1.0
2.758274617717933 -1.0452164590215318 17.61256320377847 -1.0
-8.32454727099049 24.792542553381185 38.5939211575703 1.0
1.485444715094992 25.32156880428844 -4.405888090041273 -1.0
-13.256921436820043 22.910926509760927 19.104267513226088 1.0
-19.407244474109312 13.19146944115672 12.38024657459758 -1.0
-9.125248745187559 14.816944626593553 49.82457889232238 1.0
-7.218424543300106 22.83370505134596 20.26282009786547 -1.0
30.672420122737186 8.231659580369204 6.569932471673749 1.0
12.394241225822645 28.55399766662069 5.735403141660448 -1.0
-1.722470181482251 28.01233100455359 0.7177032327352981 1.0
4.569995248344883 22.113753118435323 10.081624799497538 -1.0
-2.898266185343779 -1.7885288043893048 13.323828719228377 1.0
-12.054183482786362 30.804468671324628 -1.6136564832426892 -1.0
-3.637653162858637 5.644550194095159 -11.146268895703804 1.0
4.143669498225526 23.28446286052365 4.290252764823523 -1.0
18.61969865547579 16.80545569560555 35.42624400505275 1.0
25.97891599841156 17.16345383894546 17.184531394750394 -1.0
12.954043896116039 1.7370860280086513 13.63102431729001 1.0
