512
25.557108333705028
25.799121668550768 23.853161499843086 5.461635618260025 -1.0
1.9695230681776794 32.47493442950134 3.3492292176006346 1.0
13.240282555545127 -8.041413086135503 28.5611070254651 -1.0
0.8522222060247643 3.654604073345649 33.75310607469707 1.0
-2.3041905959162925 20.559423385649342 5.316709857904694 -1.0
9.859622398639019 22.355587743690254 4.763853287422497 1.0
23.374298005992244 12.151730321031478 -18.847647202322573 -1.0
-16.382911229939552 4.6085427441129605 -0.6481092759366724 1.0
49.83486304037109 25.824892173700025 17.091740330648534 -1.0
-19.378195882739583 38.75152019235675 18.695553759426925 1.0
-0.7211519471008003 -19.164282920290024 0.7750103280886671 -1.0
-24.516931463719256 -11.170717769947679 -12.398233891572387 1.0
15.82663298692713 18.10889365996178 14.891966966447182 -1.0
13.817309093319638 -12.173399829030695 18.85385088536607 1.0
-23.547127898724153 24.558016881928328 27.653831236694053 -1.0
5.3476910822029255 18.77718285078149 25.147577312088323 1.0
28.52760546188881 13.239087690861755 52.052605521222496 -1.0
5.435089320779865 4.55853665055723 11.63156715972988 1.0
24.60034235477825 18.99199322869051 47.327953862392945 -1.0
5.672675130279586 21.493800139724314 6.09019766099626 1.0
-15.084845581095658 20.46154644178763 3.7146257632749395 -1.0
-2.112288417115316 13.76281785647373 42.789813564675654 1.0
9.914381681572324 28.218036467017498 0.994289762795449 -1.0
16.19452728861226 23.928524035812156 -12.682247335371382 1.0
15.676219868876062 23.314808814968394 21.005504843147577 -1.0
-0.376158080873612 18.099249332079008 30.842653394335436 1.0
16.483874385568342 -21.29877818732325 15.210500227752918 -1.0
-3.5867320235173104 -9.048714430839429 5.235029863010948 1.0
-15.236394328108217 -1.9675926754897333 35.8607835079119 -1.0
26.501502243612517 -0.42424137409425455 -3.7480167663639037 1.0
21.09187880876206 -9.87292357975181 -1.907426303902131 -1.0
1.4854752656490444 26.186453606114597 42.036606805246834 1.0
-5.932744747113482 32.443036245587024 8.98570135862042 -1.0
9.207505172788837 32.68493950695487 21.475583642229093 1.0
-8.128784531953812 16.627888231222283 20.220929567440905 -1.0
9.20912662244337 -4.364100726648498 9.941239965070777 1.0
14.903515732333139 7.217202041184817 6.9935688121206185 -1.0
18.865275532904455 -1.1644872123010224 3.9248156400697995 1.0
24.109474997502822 29.537861404969437 -17.134601181474867 -1.0
-14.12257152475215 17.570289916434977 36.797718172320074 1.0
28.906833057773483 11.802398627458887 8.333057523777644 -1.0
-2.656325053174381 -3.4545236822061405 13.621804291671099 1.0
25.954694515312795 13.923340648494145 17.82648702179011 -1.0
-3.2256137277772865 25.14437756011389 23.18047465900996 1.0
1.2965137597501712 20.797723342390285 49.33142219144348 -1.0
20.19339755218784 13.420433158172477 7.361086344613747 1.0
-5.091029395757268 31.584962271025013 0.970903107733534 -1.0
9.80655754610639 -17.512492682710466 1.39386920560176 1.0
2.64394430328741 1.1314554655612534 6.440329434998354 -1.0
16.473567036065567 17.2409854590341 16.92250738088846 1.0
25.051480600886723 12.770670832510945 22.550717589205416 -1.0
32.99973062758241 39.775328667679396 15.540122217637416 1.0
2.3123013288150602 20.099073398253676 -12.295977106030122 -1.0
18.878767821470625 2.0317118682882027 19.22094628356885 1.0
31.962624751596728 13.954725367754547 11.371979739270916 -1.0
23.815254301384446 24.487273136435473 3.879154463943478 1.0
21.191292593120092 24.704527098946016 5.4582841428923565 -1.0
1.4205201876856888 36.43080918261565 10.113893197906668 1.0
24.8152988030502 9.214585901792029 9.424045939356798 -1.0
2.369891121468189 12.54427676140448 18.126251994502947 1.0
14.285096135045627 22.23256495707329 -18.40559185823292 -1.0
-5.267606221415065 5.221581656526088 3.3716591762836297 1.0
-0.03634226284212971 2.9667115430373436 -0.1377714403647552 -1.0
-1.4237467235412176 27.482794045822427 19.740005187966077 1.0
-13.632908422902887 20.140647372582126 -7.485829941895126 -1.0
-12.252035703226843 17.15255858540044 24.0127483762584 1.0
11.197842846016995 14.91844507130999 16.937994565842587 -1.0
0.674432810173714 19.695463593241602 26.287329316150576 1.0
7.337529590771622 24.406305208313988 12.678265236432846 -1.0
33.69752864481773 9.631473520314465 -35.69408388496887 1.0
6.2564510416415935 46.64627899722091 34.293033366466915 -1.0
-7.8704465942626705 30.419487094770574 57.81315145130511 1.0
-7.093789424825445 -0.49546707258504696 11.873490143144556 -1.0
-1.4644987997622572 31.1954451073399 6.039921598598251 1.0
29.898272026039866 31.219158792282673 -12.079504710650845 -1.0
-0.2580034930160018 0.5575061127972523 0.9719393762085725 1.0
11.062979768241657 24.80637502133499 31.926125843750206 -1.0
18.853803280003547 17.40141317946531 28.636140786133794 1.0
30.411409778747483 34.88478199139193 27.84620563049861 -1.0
2.0898958795879743 8.827251733643468 19.013868226949736 1.0
-4.268871549432387 10.605862532709981 11.699936001222975 -1.0
-11.390723499560929 8.565733796430553 36.793616164841794 1.0
-18.845292060528188 -4.323917613438429 -1.343441700620044 -1.0
18.086761894152705 4.997398154560873 11.115528834055857 1.0
28.503525692411568 34.315596573979995 5.468606401796908 -1.0
19.444903954120846 18.406634855532676 -11.912303034739166 1.0
20.124962354292776 3.230046923248552 10.797610536211828 -1.0
3.5336711606387636 11.472079114222318 31.359381664157475 1.0
7.522732500985115 -11.626696496365701 0.4127070351367803 -1.0
-5.6475098256319285 15.31042753661327 15.777250992944374 1.0
-7.025293985085842 -3.8561910580193697 29.866441923769447 -1.0
13.715831748035159 7.714330498849781 0.8766248964471438 1.0
26.358650099149116 19.405519388577247 28.74629509125067 -1.0
6.462922506318002 31.841848419761824 33.37329847014332 1.0
34.476804569550595 12.06912262387099 14.73892535571253 -1.0
2.8958877120258295 23.563247198806224 5.333562333098614 1.0
5.070149091756756 -10.472538963654289 7.549040222567359 -1.0
31.11959893102445 -17.362204873714553 -7.760002132561741 1.0
20.974762919866386 -5.214495509487975 -0.07376090513258404 -1.0
2.5617617902888 4.7696256050531 24.4733930895463 1.0
31.778036980658474 28.05901389810021 12.248382201852287 -1.0
-0.640443134968951 3.064077152487063 14.041312739401484 1.0
31.66117947553482 -1.0206770076824618 0.14282795046703062 -1.0
37.38870639064402 27.289010430914683 -10.607073294349172 1.0
9.39540975784995 18.629930520326237 9.69724240191617 -1.0
31.291145215501587 33.5620555334975 12.614113426300579 1.0
17.560637561595286 24.588238591237122 41.43998382235185 -1.0
6.201988809326379 7.621570743874222 25.499002813638377 1.0
-2.1380617669023536 -6.134448446261732 15.1300461598903 -1.0
19.252771152500905 22.478323004731617 -10.181592523331258 1.0
12.063662397820965 29.284536813345746 16.6533461126031 -1.0
-7.183100203220739 -2.2426445511690467 -4.480367060450014 1.0
12.585781344987282 -6.257134432234018 -0.1828038586504519 -1.0
-13.304078082203171 21.323914666299334 11.669031324022257 1.0
16.55953510119505 -3.5412252974620344 25.547841717710035 -1.0
-3.368068181218746 11.969085044220861 -15.770038179240727 1.0
8.211168662556572 36.62532085973912 18.15470035101684 -1.0
4.652297629592676 16.804929529084102 21.292351959761803 1.0
23.38057012920997 17.63386335530166 32.80909973273266 -1.0
-7.9096997201205035 -10.21075879699132 5.959777012702277 1.0
10.489190951466849 9.621230910897498 20.70735190953668 -1.0
12.790106249240722 7.230450800339096 8.026240415920547 1.0
-10.681004716399341 14.149660741085949 27.066620028749224 -1.0
17.629137580409473 12.078620471799553 18.481125685274414 1.0
3.5466200801501238 10.018658907849662 42.75942187586095 -1.0
7.340265099966907 24.685410399798652 17.04855319378952 1.0
12.147414190019353 43.223488251723 6.974150060243304 -1.0
3.15942780175606 -6.388123427128363 33.05080875487358 1.0
18.659386466298542 4.110713467450811 -1.6046503095012028 -1.0
24.312578660853536 31.895334433076965 14.846627292113922 1.0
-4.3232393180383255 28.278033698760694 20.066387691248856 -1.0
15.02539324276073 18.031073179434813 4.8385622093374865 1.0
-20.202405433835175 11.613148178469228 21.109775911882025 -1.0
15.929727070986537 9.1746511487459 18.576167672294176 1.0
-21.499001509869938 19.429882775069828 21.33908147770758 -1.0
18.439379201669784 18.905726794565172 19.553908807932963 1.0
15.173875270642286 14.852703014969167 6.248040562901097 -1.0
4.0299725853529145 18.099807042250287 -10.8569470864565 1.0
28.506788769427224 28.569189914019315 -9.01616969605655 -1.0
-3.7479640195370223 11.780426659722524 20.540316231088752 1.0
22.53534372196353 15.885685718119598 41.51536337638661 -1.0
23.622353828424988 32.129524214449496 20.866786329674206 1.0
3.9339384654282705 17.234471666473045 26.640800483025163 -1.0
33.98124374692147 15.508854643368236 -2.521807845000481 1.0
38.42561201099712 1.1958368717006211 -16.78602462368687 -1.0
8.018096395346374 12.14704594804986 11.894733631682183 1.0
27.866901006743532 18.203307970490492 16.584833993143913 -1.0
24.477496262157345 -3.982953585322292 22.57748415799387 1.0
-9.014751526504782 42.054773185764425 3.304856846921881 -1.0
28.179549215546558 36.41094743451021 2.244141665304857 1.0
-5.245313427414629 46.36149912284931 -12.924391061074102 -1.0
-2.68041652070411 16.583526699711733 -3.66155902071786 1.0
-3.2883640134416936 4.228716092550657 23.940747905363395 -1.0
16.353394383748107 7.768614515723827 4.516022449136289 1.0
24.032449617013967 7.684881613212023 22.98724927836386 -1.0
13.569788320652655 9.888301980117406 23.45491837384847 1.0
-3.1843619553393268 11.709863656778223 -9.17509782324478 -1.0
15.007134902534355 37.640923701766305 7.236509724798182 1.0
0.8882749544721726 5.3287523827396175 13.618180560397063 -1.0
4.930389181970384 31.534039966761135 -3.2571266521798954 1.0
-0.06095204384308417 10.855682280394857 14.762947490412113 -1.0
41.31925222041458 19.841299888611704 12.896144654515574 1.0
8.53893117252034 27.954323123793056 5.575109538877905 -1.0
3.6879259201699517 9.826568955425419 22.171083440318334 1.0
-11.373035874618436 -5.674851597052037 22.2438164808718 -1.0
19.024738594188907 8.30473161227763 27.200497905916947 1.0
32.87983300329926 4.683240058863597 15.971103063124565 -1.0
9.155576168158467 38.997380681905476 28.29992476438712 1.0
0.37513398176004226 9.48789663953283 2.2571913663955434 -1.0
-0.8728628145188395 5.221641665233487 23.725526625166943 1.0
11.570497182974528 31.587946041623752 27.74793377295545 -1.0
42.36307421966197 13.166848076231451 14.539913565793245 1.0
12.133351600353153 12.195593919628683 19.339895813150147 -1.0
3.8606618204424947 1.5554964932456967 -6.887405276963889 1.0
-13.697465313690115 37.20055456566267 7.7597065092728235 -1.0
35.00774939198883 48.80297658694473 -11.19211893474327 1.0
10.94856546685005 21.022165975422247 33.49241041522967 -1.0
7.78667314640884 18.927419337443638 39.21674603394309 1.0
4.9677946102935495 31.894825354108782 35.59859427900723 -1.0
-12.267803610753225 29.455455675484508 25.869214298414967 1.0
-11.324367116448586 2.187115494451527 2.293501536709447 -1.0
6.588642891868329 17.7898944041212 17.956558153589686 1.0
18.766977571957863 6.383865347634734 -20.960736692870718 -1.0
10.616068382914477 19.038987641753703 1.346827901443123 1.0
10.569263492094333 14.061508957190352 11.171139097625737 -1.0
-9.071156910131549 22.61592888860494 28.075052211886035 1.0
-5.968337171529882 10.854864523559286 19.512115770146625 -1.0
30.15522939091765 22.41524241113799 24.81046730369905 1.0
6.913211948518362 -2.1196770168901367 30.08187390126786 -1.0
2.8818466469703887 31.37273208002513 41.0891448603821 1.0
15.771052460962304 18.705675038709224 7.25431858009484 -1.0
10.67950766349623 -15.894991591610951 -7.281089343721188 1.0
-1.5533839565874068 -0.1827704459350592 46.66466505803414 -1.0
3.218113099147153 18.91605693009229 3.754127400330998 1.0
5.753128124496907 5.148533832729551 31.109282397551667 -1.0
22.306467678456183 -22.982227922653458 5.099199602716739 1.0
35.86924913309213 -17.85576571034877 16.55540308585899 -1.0
24.372772990570866 9.193334538044713 -8.82424679991093 1.0
21.55816194263024 14.133950828913317 9.584368583951154 -1.0
19.828317715680743 -5.826461700768672 10.23508251755257 1.0
15.687691636647859 20.308697956554823 3.1875457800952374 -1.0
18.06305313390853 10.526935602483503 5.024358982711839 1.0
14.634455158887558 47.64807023765073 13.887252924090754 -1.0
21.379640406657654 32.532503732575925 24.100397869635245 1.0
28.74180908436642 9.063923124939944 37.33622279325691 -1.0
6.866023813582651 53.50842276713254 7.702122019922609 1.0
1.0645250365088286 10.924613008906196 20.12620937037652 -1.0
15.670758471878635 -0.7086038334344167 -8.265680903862805 1.0
-10.870797029627496 4.000637101822705 19.840753022122197 -1.0
14.297704568013739 29.01879300631739 33.92419726278655 1.0
34.68443819806001 -2.243263588249661 17.332978094734354 -1.0
36.7660710807165 12.240361802517526 21.44080940473212 1.0
1.5268182314836114 5.920070614412829 -3.1108346907041273 -1.0
19.48613360779131 15.459828276751733 10.775580433136641 1.0
12.03987903488649 16.6401092298316 -12.344868585547756 -1.0
-3.68146424731815 18.094343749500997 17.14826544658813 1.0
29.294279032231977 39.052467744062184 15.820941280050642 -1.0
0.06087339676945568 18.86027731783104 13.958909544167089 1.0
-11.985493896663318 18.86178023517629 36.52168549019122 -1.0
-4.350729319722657 33.356404730156065 11.14098033557479 1.0
-10.099571781356124 19.00535114407905 18.696108975893253 -1.0
22.427897863867937 17.11984319724579 39.127648475894745 1.0
11.175297719191398 54.411738723017926 38.448936593623095 -1.0
15.686635826154552 18.00629871308413 21.540990903673553 1.0
37.928783943713285 30.380325858676255 6.918397452580239 -1.0
7.379182276526839 17.860518705487394 28.926446053566288 1.0
-9.480292375119998 32.45030344958536 12.657564424073016 -1.0
-15.58477002895627 4.6151062130010505 15.02471130162442 1.0
8.02473491591693 -10.154268853418415 29.62862653848994 -1.0
21.32969149816011 31.75177360415865 40.17711704599672 1.0
19.594586389746958 35.98258424358253 7.710182154366429 -1.0
12.231399661373393 23.638483767349463 -16.876575036378323 1.0
17.035075312894854 25.06907787818313 5.226615586353541 -1.0
40.6268906208333 42.0314246063093 8.394941808281686 1.0
34.37940356222839 10.851780057457749 27.91436964429805 -1.0
19.128636703178007 9.88288262707875 11.996382257083054 1.0
31.180532032537506 12.346387769311322 4.362592381269821 -1.0
8.58050041657016 4.025562740879296 -22.130742225459088 1.0
-24.99636077368973 20.590461883435335 8.627801671875137 -1.0
-3.2341369656879912 11.98511173591654 13.880207515505772 1.0
36.765131197211005 5.721295578508592 20.572569985205902 -1.0
-2.0173329738541455 1.73251550178324 9.835470061466113 1.0
37.97037497238324 8.54964212076607 4.870326947197473 -1.0
16.426529762978788 13.098884255885332 10.16279697440843 1.0
15.182335828801579 1.7614905337581126 -1.3720032609857356 -1.0
15.580262840344105 16.839178287498477 26.519642314276997 1.0
7.3797657503706295 15.311472975289554 17.78215857324182 -1.0
28.104892847519242 15.71608250659428 17.279337039971825 1.0
-11.66824772930071 34.21675105898998 17.339646778161413 -1.0
-0.1704841530666208 24.046927047962587 18.382437622366254 1.0
-33.52404223138423 42.68615700215287 11.68638202002381 -1.0
22.34326148751423 -2.975360644469191 -0.2281531793869931 1.0
29.75898586537704 6.818768185779287 19.91660141021922 -1.0
19.244255741126537 23.13726462503744 -15.493177276729659 1.0
17.806788653615143 -11.168882879779533 8.324483815537494 -1.0
-11.357621935347737 -1.4632951673393393 31.134381316017098 1.0
42.086801620774054 -22.519388749878384 8.588671753138824 -1.0
-17.555577240349614 35.909094878401156 -3.8635526332476644 1.0
-4.459305303888037 35.50168372729537 4.17809020920474 -1.0
-4.066440150928248 17.454223133652818 25.79105175856661 1.0
-4.8993075393664185 21.307774933158587 8.715641182411304 -1.0
-2.5917598605939 41.78286447595593 9.605542500649765 1.0
21.771502475204564 22.317589848972982 22.751363970916984 -1.0
-1.1558256711374746 9.96770704090789 12.399077358202563 1.0
14.713497435213664 32.056941745254896 -1.3739631324048496 -1.0
4.602779215973967 14.74512938560508 -0.1890887298779198 1.0
38.37548421822782 1.0720018682082975 20.59092637667807 -1.0
24.784132960369536 6.737249467148959 34.857905080058934 1.0
25.963807081656284 -3.5795057934089023 16.788823728158757 -1.0
-12.973963717076945 -0.6247503511674957 22.312645877649903 1.0
-4.2420167230562456 17.717183279536332 36.74552792177198 -1.0
6.342265230737491 11.697364360220549 27.67336126692462 1.0
27.63019663691789 16.947227180360372 4.6342173580271 -1.0
2.4503056885710404 17.581314228909115 37.400601619968704 1.0
5.874403969126932 17.98805559365698 38.05161462553724 -1.0
13.254898002760571 0.14608622797457665 11.253927539589434 1.0
20.404306186478838 39.73624725714465 30.140515459292274 -1.0
20.46053367920489 8.748437564658033 18.095339388969776 1.0
6.323680923158439 19.027345222143722 5.297933043791026 -1.0
12.135531560562352 19.019564401030173 45.95923247904619 1.0
4.011078041037103 23.13931271971609 37.09297516223082 -1.0
-12.241449355723656 35.89831762767013 3.564274112740589 1.0
3.198135969572051 -6.768422157726935 9.696273925440115 -1.0
0.846282039907267 2.14903437900432 30.332537694655386 1.0
8.131420302599507 19.738740536453534 20.94786784286128 -1.0
4.166327188284755 1.5492199602328083 25.654827235485406 1.0
33.80317289943688 9.259106882839804 24.26356712762384 -1.0
13.389288768324752 5.325301451944816 -3.298345176217385 1.0
11.094381919259892 22.32410866147287 21.32784975644408 -1.0
-2.0479568421595147 7.961986552107436 1.8520722316383842 1.0
22.456762163509936 7.460002683985655 16.773622434284416 -1.0
-14.13441735735631 27.998246227300537 6.778257223006327 1.0
21.389740316184913 18.39603988392847 28.84783927872937 -1.0
-21.253348880989666 -0.6266766813270692 -4.940072811141771 1.0
25.010233219016765 17.4852133690169 -13.25779807627754 -1.0
43.266765436885635 33.67289193464105 8.239364366021215 1.0
-2.4858512534170707 34.380252648847176 45.376479313208385 -1.0
12.859101829889063 -3.8535914590251608 24.658120549226616 1.0
3.585179767857007 40.470830911649834 -5.887954242718944 -1.0
17.385975700051436 1.8525114480061782 14.682604243665695 1.0
8.92975738814175 26.92373938124069 18.889108104938806 -1.0
17.881575368679826 1.252280218436402 10.24043033737756 1.0
0.9410991791096298 30.11409829829896 30.88011516259802 -1.0
33.09111151237478 -3.529297412200677 1.336375049331033 1.0
-1.5805470119630307 -2.9983700955844697 27.48998883892783 -1.0
15.439447853623214 21.422657518615615 9.30557411235227 1.0
-6.607796645798732 8.773940913702225 24.01582017798171 -1.0
21.725098264245453 9.672014789352662 6.585801208001049 1.0
-3.2875175211176852 14.200613180091732 -5.987673518707666 -1.0
3.186833051591185 25.733946493780806 9.065272533080368 1.0
28.770881276795834 -1.586388252552787 48.07891508861843 -1.0
16.86442564825304 27.331485687977263 2.804481081210625 1.0
8.936413648969223 12.955637881683653 22.269521875285744 -1.0
0.2676286455409051 10.02889582450328 5.256364731026789 1.0
13.399294231227689 6.082834024920145 10.129292467725714 -1.0
1.865821977704784 22.72048474790148 14.234440046857346 1.0
12.176631447476217 10.605705760432912 12.870909517209538 -1.0
20.668296068705363 46.5252409970294 3.4938937347439807 1.0
15.437606260377542 6.7476944637205465 28.060976607646108 -1.0
21.39983681299318 19.40073569428151 32.467608819779215 1.0
-4.178857023875352 17.910308540911284 20.392302053089246 -1.0
31.69158580835546 21.0279488498676 21.053950900729284 1.0
10.231612194092836 21.35294693784929 25.527541173135468 -1.0
5.958110157038821 -3.3655572572026635 13.859595991026339 1.0
10.896863509858997 20.03273939899124 -12.42049932556814 -1.0
6.409782943093505 23.302004115111533 10.650640591459624 1.0
-6.497390797956665 30.970191763999384 -33.0609130648363 -1.0
11.559596626715129 3.265529336502753 19.799763201693764 1.0
14.429334461590539 23.391924665024085 10.598830750734383 -1.0
12.293382763970621 14.166384483759359 32.26651723932904 1.0
-26.85411404718577 17.434293011034935 27.18465887239937 -1.0
-8.217077738302056 11.861703299514096 0.43282437949066943 1.0
5.9230454031862685 8.672165227224177 33.030493520240874 -1.0
34.65122774516239 25.388212111131075 30.31141134274958 1.0
9.322787505536928 25.772363701398913 -2.1727282252177815 -1.0
13.359687859906357 -5.869244881006562 33.69938679472601 1.0
5.767566847685469 2.5108280430071166 20.44530194582241 -1.0
-4.561752442551672 26.27732246209151 11.218796936690005 1.0
9.257254558644622 -1.3986755511602347 2.2993590444371197 -1.0
-12.121340436178818 12.414532647665709 26.102974540812724 1.0
26.27486896388226 26.834577598730665 10.067959598005341 -1.0
-8.363521157429496 6.503283074729922 40.331777310243986 1.0
7.753669345885284 5.616814344733638 22.95577733248201 -1.0
7.911703222303519 26.646243326167035 36.37736715964039 1.0
-13.954375429219942 3.7312091669748195 23.9379568070623 -1.0
4.280582729804654 39.9815490770296 9.874016849667017 1.0
19.58561550153061 25.429953410658914 8.503970018503281 -1.0
5.981516473157292 44.8651056408366 35.83818500248318 1.0
15.23863210294936 12.327121092583877 16.50942511409622 -1.0
31.852027287033444 -0.726197342345877 28.215220296476055 1.0
19.411398841823804 -7.574129828900347 41.94583255638895 -1.0
-14.62043504977597 17.62922831108715 -10.216162964298544 1.0
-1.5617336750222641 -10.429649007880984 29.892954332524152 -1.0
22.139468584117015 49.29323330329398 7.522581655543471 1.0
-24.258638884957332 10.056887527399399 23.225618374051912 -1.0
8.831026802821809 19.401082435093485 48.84474069569989 1.0
15.034213888531173 10.58252974608671 35.09449818961299 -1.0
17.73054689622425 35.46428328620465 -3.7565799735933325 1.0
-13.497801713275605 12.734805990563354 -1.4810125603373692 -1.0
-15.479128203699604 -7.066324161453949 7.019390675666053 1.0
8.087890831964991 18.911067906674074 26.751726535321346 -1.0
15.81699379590296 21.423763282200273 -2.391488991244227 1.0
11.88503895887115 34.96433244907821 26.074367898779 -1.0
-11.498008954938802 5.2906669900423635 38.44933906210651 1.0
1.5569526141365686 12.154728239264257 4.357754829434531 -1.0
7.54648407446608 -11.950954172091915 31.761589192098576 1.0
33.44781204658215 -15.839465593701469 12.607345867926945 -1.0
16.467826048019948 5.739572777451323 18.756656469703167 1.0
13.434181448268738 23.23288743962205 28.671158739579717 -1.0
39.37772812884464 10.362002414235212 15.342176917053195 1.0
28.743361115991753 20.79043912612295 26.538384819328705 -1.0
-3.35362263349381 22.34393331253912 19.596268725005494 1.0
-0.9516468068158694 4.674182771452272 44.985677408499186 -1.0
-35.39649360419644 -12.023019148582593 48.59474705803312 1.0
-19.97730551021167 19.477624856897812 16.456498586837686 -1.0
3.42430701583749 21.160876719819633 17.034994315215545 1.0
-9.306288399174534 27.461058834567183 12.209290748112583 -1.0
7.810673496733419 1.4021711710063114 0.20235013955058073 1.0
11.058120812830085 -8.015505687480132 47.90804904895523 -1.0
13.135184131694745 6.189632390515639 29.8066512059062 1.0
-8.909461366387731 7.746476372651714 20.73884676485227 -1.0
64.33321038191625 23.626970566625328 15.149884098755614 1.0
-8.547430392051787 -3.999111879511279 -14.29113807248698 -1.0
18.616141612116937 -9.814567640781748 -1.5917401206303232 1.0
1.1281856882498185 25.034382559074523 14.15387414800967 -1.0
5.315853055159122 8.057741660082794 29.938900005068426 1.0
5.960627622306158 7.877567814981738 -10.230092304483836 -1.0
13.80515161029762 -3.769854289314438 20.062548152999568 1.0
-1.0645636507240432 21.824457983040933 20.033159994938195 -1.0
-3.572019975363734 12.768222390922848 2.9967747506702493 1.0
23.602597957249404 7.866583725630951 6.3168427194535965 -1.0
13.154087088741681 20.314935983358975 3.4836668519141702 1.0
-2.410173803374388 7.819680200967928 -12.598636294468061 -1.0
10.761501111763804 3.627432064590166 36.160366243787465 1.0
22.857655985220124 25.03871584996487 -15.737640239330812 -1.0
2.045288128902347 21.23976878610967 10.807145919906395 1.0
13.614485421355951 25.98127771890854 15.92786782635742 -1.0
29.392986166587324 6.943853435678386 -17.65376406729706 1.0
18.155191352687563 12.974998708145884 -2.0782593017307107 -1.0
-1.928473994473844 19.71468845700516 2.860301544244215 1.0
44.29640686046689 0.3767404221715119 21.85675721355123 -1.0
-19.352646466571564 28.92381338723053 39.976888734369595 1.0
15.538958454475509 11.055821267619985 -20.600541237233656 -1.0
43.89443428346455 20.41823648848237 -0.11771592358251226 1.0
-19.13164048670304 -8.892938345184 -1.8298708606131733 -1.0
-4.398163471648868 4.514270056916143 8.815597694918388 1.0
18.019309604930488 20.311976454613497 22.391625506288154 -1.0
11.304321035230398 1.3776662480602497 -0.8523063816757706 1.0
15.157991498017811 11.67404543814987 -0.8879627454650532 -1.0
27.369990914820253 5.448762629321143 19.814781870972727 1.0
43.51336410672363 8.782169149971063 17.115224370860616 -1.0
-15.846836170885872 21.639860558116883 19.289263562317934 1.0
-6.2664867595531675 7.257226209806056 12.258084981589915 -1.0
11.399212647178558 39.65759678900129 13.971641861802434 1.0
-12.06100777850094 23.334375809703587 17.942902211204 -1.0
-10.970260486637569 25.77600926246148 26.07435607207864 1.0
42.43632412278587 1.3776748006262922 -7.365780481303684 -1.0
50.05407115534102 -21.43843649803113 27.273905648873978 1.0
14.59209720404525 14.668776209103976 36.07967855890542 -1.0
0.7002990668998851 22.47220672892777 1.3160273817204202 1.0
20.786971255476182 26.506623272065237 24.765846750206837 -1.0
28.07891492249863 -3.825178116847951 21.782096026935427 1.0
-0.41626251472161613 21.88822285965057 12.121019985130957 -1.0
14.08265050603865 40.42948736572579 29.17756515355202 1.0
-30.85272642669167 29.1692369228182 6.557930206301841 -1.0
-1.2278183147463722 20.26609749978377 10.169196393609235 1.0
-24.504875840729827 6.88879724115684 16.972403372843342 -1.0
40.325583252870786 42.250851628724135 -12.736301419982075 1.0
-5.985454215205014 2.2086361914136257 28.837136142857783 -1.0
27.423187209331232 18.34058913839909 47.95520660259477 1.0
28.599932489630454 30.634679173216973 1.6330223174942593 -1.0
4.428613249576032 14.361535630397755 39.098765431704095 1.0
17.607389945334877 10.020799050684923 27.793144692032158 -1.0
-7.815188157467997 1.5092550209928497 24.410890733663276 1.0
23.36408515440718 26.970653911014097 12.433581825137738 -1.0
2.6356220939014827 9.92954970652402 -10.807393543386548 1.0
11.027606163312104 24.861308263814838 -10.954989431382922 -1.0
7.802517679508882 1.1767417595467329 21.434736317457574 1.0
15.77694637967032 16.199556663032514 23.442350287342066 -1.0
-0.31368409474159975 13.476420435786558 30.84273701658305 1.0
-19.453451066906624 52.77379639949971 16.458504099288415 -1.0
26.27687451913929 14.081689227402315 21.037844223640423 1.0
27.737215001543944 0.33158220370164226 19.628000765536182 -1.0
-5.09745496191611 28.96874089566583 0.4382755220359191 1.0
8.208212046191338 3.5300905524171107 35.2210777932149 -1.0
4.385313883411498 3.7338873169373064 4.097680594388072 1.0
12.636227300628978 -0.9775528402924856 24.810237910632004 -1.0
-13.11974978807722 12.451776555898121 36.16362211366403 1.0
3.536635747241281 22.30397469280153 19.314982072598053 -1.0
20.585202054368743 28.122643404418874 22.702796686409876 1.0
31.438018878539047 25.85181545517174 8.988842217635483 -1.0
27.223832593296013 12.39911469295247 24.44624219202255 1.0
-7.715166323113394 12.133024134863714 12.444154587543135 -1.0
7.075612330094825 3.1531566323878315 18.202084393028045 1.0
28.40735299334387 -11.87798723009548 11.637381523702613 -1.0
10.486333879369294 10.3081609845844 6.183742272544713 1.0
28.899132647427237 -4.314001049145109 5.544928431860702 -1.0
29.878561650047263 15.04677678002989 30.34655064840417 1.0
7.904490014461058 21.23742598490927 37.87559560637243 -1.0
-0.04237516479190617 -5.5834157860343545 18.646440853384743 1.0
17.121084486970066 25.18622183088937 27.152054426375802 -1.0
-19.39854513284964 36.284192481129594 34.07374033371637 1.0
41.08448641642958 11.673197908866221 20.200199694685367 -1.0
11.393004381431464 23.466251214775344 27.259466091380357 1.0
22.551728110102342 29.779309813734137 40.736055595743835 -1.0
-2.5080702310886736 25.214956969532928 -10.464670162389588 1.0
37.607938765362135 -12.357837515708066 3.89677575426745 -1.0
35.9854737571479 8.312662380425088 13.8216085144237 1.0
-20.045287800022972 27.19597686037402 2.394799940444164 -1.0
25.032531906597942 10.276293886935164 -3.811253917648031 1.0
33.99320767733845 -14.105430317062078 6.852668363939811 -1.0
4.007232346862702 25.784123613601544 13.979206703582578 1.0
8.567671202252384 -8.6411441580168 14.345142612579457 -1.0
27.933317388259795 32.34886123698114 37.31364934982293 1.0
7.7522795407758665 5.9035026910123305 1.4586716550469094 -1.0
0.6479033641833818 -4.150799059569131 5.906894548182059 1.0
-1.0846295081991997 26.92178636989841 3.521212815925914 -1.0
13.825618944115483 -5.266935742894336 16.718920115447116 1.0
-0.07910049368068428 24.128997309422157 -1.3672717422858902 -1.0
17.220195682508404 6.240285874284206 24.38541515373487 1.0
29.483746497018064 2.7868366235676247 23.63506816539504 -1.0
-5.709893717764768 15.139137733658865 19.681871897618322 1.0
7.6898455268856445 -1.9279749723107074 21.06550677745643 -1.0
26.481741348036472 33.711748263272916 25.38894796551431 1.0
-6.5630120014206454 -7.89945268448049 6.003382229444422 -1.0
16.674789646356185 -4.632856151935055 5.605897759657875 1.0
24.298816353666485 12.456261118575645 37.248924172324216 -1.0
-4.808590863757935 -5.6381734782997235 -3.305647601261281 1.0
2.2522398518937075 -9.545440384219415 48.02440590537225 -1.0
1.2323216380532074 15.658292652503237 1.9340739017289639 1.0
-5.032805810493571 14.859732172439555 38.96424042503602 -1.0
10.843228011505898 25.21152233861647 18.58257260905918 1.0
18.650204019420983 -8.354413015119999 25.897698292095743 -1.0
9.412703528582735 11.58402166264452 -0.38101432870252694 1.0
-5.339705937657083 -4.500478736876804 20.024349723572 -1.0
-6.70655057793946 26.156586626145252 31.78447644453195 1.0
3.945406188950109 33.22827793195484 -1.5288943245602695 -1.0
-10.826801009970065 28.55929995742597 17.38794865523196 1.0
-22.857008181414887 16.14549081853659 13.976658244741587 -1.0
-15.74231466557738 13.248119851259721 43.30349733698774 1.0
-4.106431971333112 23.358524253891705 15.150975048514935 -1.0
37.937353458889426 6.631571187125193 17.772456194544823 1.0
12.071666139555022 32.087716644700045 14.126489872340695 -1.0
-10.222626653623204 26.726088741224036 -5.370159817422834 1.0
5.179344919637094 23.572092199250243 16.15192291754762 -1.0
-0.1588488522269209 -0.3897176088667358 11.760654348180685 1.0
-28.503156221349265 30.210533291815928 3.804190379948627 -1.0
-3.868724991825758 4.696057621168953 -7.147690422411362 1.0
1.621113361956936 31.66927534255025 8.972931399030516 -1.0
8.569558739979986 23.326165644208103 23.328366067226284 1.0
18.105839729609013 14.129900570156083 16.89867976155396 -1.0
8.213617607159255 16.349350562153923 11.271688158197914 1.0
