512
25.557108333705028
30.630515622683376 25.153122718737936 5.907953012505095 -1.0
3.1744663274242613 32.936186564621316 -1.1911849846944662 1.0
11.558790906070636 -12.411522744732538 26.094454012162352 -1.0
6.214885545922699 2.2025758667183664 31.662822782168917 1.0
-0.7671702981468371 22.078514612076475 6.605921399960393 -1.0
10.549531430013634 22.178233867615734 2.8798802486515283 1.0
27.396813349003295 10.436362958131896 -17.606141560840516 -1.0
-15.35596348947418 0.49857720338278716 -0.2578082832291173 1.0
48.51144827383762 29.341231917780974 15.12243958485136 -1.0
-21.899973088076077 36.15741367665548 22.990970584844693 1.0
-2.0130803123902865 -20.57360092040615 1.5222541232410496 -1.0
-20.259504343643595 -10.750187656891926 -12.411131511809234 1.0
18.85281219902749 21.093604421896025 16.16893713534926 -1.0
13.726775835760986 -13.293635341131086 16.499237719779753 1.0
-22.326256162311765 24.55761126589423 22.331147695645353 -1.0
6.159106848819291 20.078552886160644 26.930104526224188 1.0
26.842952927248213 12.702649672015083 46.68658293078475 -1.0
5.271771093185373 6.29461987758786 6.776540007011716 1.0
25.75057158588204 18.22973474689613 44.294915359846215 -1.0
7.08411769019328 19.37154095410101 5.813417972997722 1.0
-16.02552453959919 16.33005065807658 0.19791255949089917 -1.0
-0.5929464688204789 12.37369159954081 43.025069582520175 1.0
9.806241789309627 32.209589448330384 -2.193040836921572 -1.0
15.783999388881215 20.744996852740226 -13.257988930139028 1.0
16.087853508709966 22.071867024123247 23.29535406091254 -1.0
1.003384297903504 14.828181472208408 31.554574168993145 1.0
18.94483665314351 -25.742498797214935 16.45156131536434 -1.0
-2.8400193521532664 -8.35150191247147 2.328065074198779 1.0
-13.952371894023985 -4.402636656699851 32.8292180693667 -1.0
20.03364932053599 -1.2652288117444321 -5.254322059792088 1.0
26.57939554456891 -6.585473548750432 0.3930537026160899 -1.0
1.6705674124425065 24.418651373840362 41.20171369310718 1.0
-6.464345973610765 30.39651900891132 15.174284149263542 -1.0
13.105004563723082 32.55237231825726 23.407302130809224 1.0
-6.455116351033421 13.533950067400632 19.754298686557622 -1.0
11.715294537684754 -7.101078239863323 8.314461499731404 1.0
15.29238803169097 6.000728768946187 11.308318729519387 -1.0
15.063077108637605 -1.7664957139313842 6.41824745618478 1.0
28.090029321047865 31.7451441287702 -23.724280067854526 -1.0
-11.091691120264636 16.335096876230683 38.983291044686254 1.0
30.763094743904244 10.030821889007262 10.959678779177136 -1.0
-3.7929447565978656 -5.724243372083382 15.499465621146006 1.0
23.217893900242156 14.58577545709748 18.17949463926463 -1.0
-4.186790501932819 25.745887033006635 28.217387618225125 1.0
1.8727753839054495 20.48936075923701 48.23791262044725 -1.0
15.986353354576993 12.70437328752724 9.797090335999654 1.0
-7.2181737757794195 29.86752841935656 4.886191837193305 -1.0
6.987451174879549 -12.84624726484261 4.965046408812627 1.0
6.829137769916472 2.240501992345956 9.057992052759225 -1.0
22.27229053927676 20.883545716232433 19.510016325121157 1.0
23.393613376329878 13.118843239203919 24.21730710304431 -1.0
35.74560029163722 39.96899385320185 19.596574699723146 1.0
6.727986306549017 20.795295152492542 -13.546113713926916 -1.0
21.38538361416966 1.4248354503503533 22.570556802684813 1.0
36.69582173648413 13.102846227384967 14.112588181794617 -1.0
22.80519913923597 19.69724161710604 7.121426945139572 1.0
21.17016770737594 22.23006074961091 7.564961134268906 -1.0
6.650126329426239 36.79802999288613 13.719655916069495 1.0
23.897888024298886 7.427070708937623 15.001436126603439 -1.0
6.9398454995342975 12.371513908526756 22.20962376922416 1.0
16.749001508079292 22.91777931400933 -17.511160021456817 -1.0
-2.0772625419259327 2.4667991275579815 4.500386843548198 1.0
-2.400154473260379 1.7681090560609054 1.5842642983255217 -1.0
-1.0234241328794944 25.383896531951116 19.85783765953389 1.0
-7.455082120137032 16.930356155347468 -8.1450960700245 -1.0
-10.657095415894796 20.251318311868154 21.564580411097285 1.0
11.069632341586036 11.591641654062041 23.012153332019004 -1.0
4.646380898961304 17.03962490819485 22.5469525754518 1.0
9.89968814207282 21.10638516405143 14.291725044186315 -1.0
32.97387636195071 9.043860045673314 -34.755439896175744 1.0
9.044818897789778 40.04223907453957 35.81772614858108 -1.0
-3.6335963847003256 31.593106383656835 64.34232235764833 1.0
-8.562073170025354 -2.2865357031362485 13.052373767967781 -1.0
0.08675658098156781 30.45371911988178 2.5664262819785955 1.0
30.9758698374009 29.279086467606614 -13.218506514924771 -1.0
3.399313472960546 -0.606304219848667 -0.33872356912738155 1.0
10.299164080341367 27.40691069548344 29.575336194131573 -1.0
18.005443059125888 19.93168648963091 26.58129354294449 1.0
31.012259329742307 32.65853725872843 29.962236367650924 -1.0
2.6675867905663257 6.959310843630319 19.00014250424657 1.0
0.9640417961569298 9.15562345767575 11.455923844203044 -1.0
-11.774842233049535 5.346168885261841 34.576565144512216 1.0
-17.198136727687412 -1.680106642455911 -0.5958137342404228 -1.0
13.718759075622803 4.189316664112914 12.855528271597581 1.0
25.54920601694565 32.93399176646896 8.753693830421842 -1.0
21.578263540570454 17.61509023746919 -13.016615823499286 1.0
23.67272126371555 5.601884919659521 11.289885362166865 -1.0
-1.42639387022626 13.35692795258 28.4997827901535 1.0
5.8589018054084985 -10.960487948327636 -2.7102505537424157 -1.0
-9.078025587254949 11.625757078875468 19.530251775964295 1.0
-3.2311258123096778 -0.38744490121273856 35.12939156214284 -1.0
16.918418112561785 10.270137811385888 6.0672376717059615 1.0
25.119020311193225 24.388735076835236 24.606651367148608 -1.0
5.678885469208372 34.3172230271756 34.414676023217375 1.0
35.080602737662915 9.735462079887144 12.92449237310931 -1.0
5.458953741257861 22.05921646173026 10.118857807155033 1.0
5.29390983424213 -7.98197974280162 6.77576602466594 -1.0
32.118312073248404 -17.52868347695838 -4.917519092785408 1.0
20.120506116711 -6.619117037163143 6.933162672156029 -1.0
3.7549944977175014 2.8543906541848374 24.906005340358696 1.0
34.50895614059167 25.216230584079227 7.003716997896623 -1.0
5.3318947613424434 0.12442903826169102 16.930159711886287 1.0
29.65093101018575 -5.2678758901798375 4.3765667604962015 -1.0
34.8987081000576 23.78367330919909 -9.318832459107018 1.0
10.281650720143423 18.200849803378034 10.981426101108761 -1.0
29.846960817308712 29.870451707622987 9.294126245607194 1.0
15.022181914780218 19.72980865552952 42.04344070773821 -1.0
6.166339585467963 7.87794118429243 24.456149879688958 1.0
-3.6743780273370277 -7.373338313637234 17.51953749217666 -1.0
16.965785316505315 21.35879979415399 -7.553743154740438 1.0
14.864077257142117 27.96683227458323 17.72537054516924 -1.0
-7.361643710925801 -4.8329390926325 -3.2043571583149344 1.0
12.649633685282073 -4.198792359083068 1.0999491240268793 -1.0
-10.654194657114603 16.7543726124216 8.779228858106443 1.0
20.959170516071683 -2.6555274082339864 26.238953297722098 -1.0
-1.34344217641517 8.967304304353766 -15.567773488877581 1.0
12.144050956498122 35.88076799271646 17.19568395771701 -1.0
5.439323042415639 16.151939068946252 25.80709962076139 1.0
25.28400824846523 18.681430566537017 32.82088477195078 -1.0
-5.846902113733655 -8.976894390995113 6.073171694357458 1.0
11.193130451730946 8.55901219805509 20.737881006816057 -1.0
12.82958089101686 7.09177239980479 5.213529201829472 1.0
-10.60735274246827 14.796589388912494 24.884906909005682 -1.0
19.246370796899843 12.868690661659318 22.817618530627453 1.0
4.809629861898243 7.678793859697222 43.81079650709089 -1.0
3.1521932848064598 19.06879076587819 17.601768887180604 1.0
12.433019605264269 42.08713325071332 7.190930691677724 -1.0
4.583235209984766 -9.595646874622414 34.37017796035981 1.0
17.468955723535018 4.381138523258107 0.25815795109669987 -1.0
25.25436728592917 30.854512745729256 14.661369559699335 1.0
-2.3837824350628942 31.381085349391444 18.88937061054289 -1.0
20.3335354350455 19.44477353756782 3.3726558394336 1.0
-18.003431873016236 9.671041299276538 23.195581416527038 -1.0
14.133337109040356 8.951391112673774 15.971338000157413 1.0
-21.7243341443172 17.204434517061728 20.07316442676946 -1.0
19.479188466776016 18.34420726157797 19.058700185688895 1.0
12.273404322047043 13.468964635582076 4.047939407141182 -1.0
7.410455350659588 19.877683502955428 -11.496502125527376 1.0
34.67858995164514 33.32920872931931 -7.018720355400305 -1.0
-4.835634376648311 10.729899883236625 19.392188469947516 1.0
24.7814878745831 12.819858106911509 40.04072809422229 -1.0
25.155835686072955 33.181317134152124 18.639500600509766 1.0
4.648571923535451 22.021849407234637 26.161155479960396 -1.0
35.82432688177779 14.061111630079267 -1.7436254521980175 1.0
40.49711262697181 5.4643687851266085 -19.463304176811516 -1.0
10.857639020863495 10.582533331749476 14.947512199522151 1.0
28.239683409471727 17.590904461116516 15.341284675260333 -1.0
22.013389816143178 -3.44085188921456 23.072425563872226 1.0
-9.413326826220697 40.34501585012844 3.1251643145645915 -1.0
30.008770309265966 34.806044731348585 2.563421800971505 1.0
-2.4039978556958843 41.13408843041623 -13.472313925975953 -1.0
-2.7683131087039072 14.294464009451154 -4.505654437462454 1.0
-2.224859916302986 2.8382823001874278 23.387018126446982 -1.0
20.290534270284482 9.542266642427977 7.9236345125280945 1.0
26.633836935129423 8.552087281334272 23.760853100969072 -1.0
14.917019540217412 3.6499864561708706 19.943209271897057 1.0
0.9804761964746259 9.273961052465028 -5.9076118862594065 -1.0
14.684109964455407 39.835097870447896 4.803752361078474 1.0
1.232498660843165 2.294665761471676 14.868656020455502 -1.0
6.796551544754825 28.033420194766574 -6.369313278156827 1.0
2.231605300196925 14.36951833452634 17.322554324675327 -1.0
38.52084867118113 21.58483118093311 9.495033056245225 1.0
12.104672418251516 31.31901823309503 3.3153526270754674 -1.0
-1.3175471548870128 9.1746369189946 22.0234527836674 1.0
-7.822572951433358 -6.623880988092164 24.028319797590317 -1.0
18.656825303915266 7.490071218407907 29.965568720830095 1.0
32.477685368553466 0.9288934191111072 14.086075169234276 -1.0
6.93355944099328 37.135614704554 25.834240078870387 1.0
0.12772982474419933 11.215062365514289 1.9295317447850482 -1.0
-0.41990098720427227 1.3566616042897635 25.13939553511515 1.0
16.004009384000575 32.90421214470328 28.781102735461317 -1.0
34.143661702858424 13.857353130240716 14.212520642048743 1.0
13.209281941552414 9.967381519749509 13.734694091736479 -1.0
4.815846251088258 5.402255930777572 -4.519559914097524 1.0
-11.53141533240401 38.55759756513049 7.514262297726042 -1.0
34.47875275440316 42.70531134269422 -8.773779449038184 1.0
11.798007105186413 23.345901398643942 30.32907513725945 -1.0
12.086185317265414 19.74000637060058 40.517111241108594 1.0
4.284553282532133 32.55660095785682 34.88202400528962 -1.0
-9.274603179390528 27.349263543780996 26.358561383772884 1.0
-9.856296218458054 2.7574903612171657 3.3020084663823734 -1.0
4.432070123151071 15.911268123144513 17.091556314532326 1.0
19.17250545735163 10.518065761664088 -20.57126521066276 -1.0
10.933435663956738 18.110201073053812 -5.089271190571868 1.0
16.33250197077439 14.31221118441299 11.352881730882359 -1.0
-11.961742461052737 19.81425079038537 27.871595722583102 1.0
-1.859237216399908 6.68828865897842 22.171152950154127 -1.0
32.107961911932506 22.52314754735283 18.770257963859084 1.0
7.652085890389157 -3.937270034828888 33.249808867780274 -1.0
7.192954411876338 31.292808112259717 43.051214798536506 1.0
17.00143652628595 16.270756225756877 6.220613790358281 -1.0
13.404526216988032 -18.20200659962567 -5.825748373491145 1.0
-1.064167525495705 -0.6908126966250556 41.33165097904399 -1.0
1.1491972218382134 16.92321767654065 2.3991249988691052 1.0
8.973405514920271 5.782456382985947 27.30818483938028 -1.0
26.909068353207854 -22.153634957126314 6.285989782432257 1.0
36.63957145336204 -21.60721143129153 14.264701645377997 -1.0
21.83198686211232 13.080917905290354 -11.310059306218193 1.0
21.297687876587265 16.306875856567693 4.279435690567009 -1.0
20.356514739175932 -11.901481347232355 9.47078602550634 1.0
15.546491135925564 19.379803622149133 4.166762647026868 -1.0
18.360980957462687 13.287123982912725 5.609411918720903 1.0
13.477932603997413 47.25599812675243 12.373957597973536 -1.0
21.3968850097481 28.708586933991672 25.57159695801286 1.0
27.922711876148966 10.61827255738062 41.00774741326364 -1.0
7.819475582303353 52.7745696462443 2.1488867693562748 1.0
3.0575929803180593 4.327513584490052 19.296785148557362 -1.0
14.903335634837186 -1.6801991716141238 -3.442950182505708 1.0
-8.114869243235685 5.16543019937894 19.738759733048568 -1.0
19.605642470779177 30.051850535551875 32.32604250828699 1.0
35.82310372335668 -0.6216872425997053 14.08709345017736 -1.0
39.36901035319403 14.385096672538353 22.062558641368522 1.0
5.328100028055207 5.423302198550929 -0.561019034072789 -1.0
18.041202763264337 14.648336683260222 13.2609468671571 1.0
16.668552554191866 17.863643089434156 -12.352408464530841 -1.0
-1.5637491368884042 16.826458664719834 16.997802856422602 1.0
34.37044818246289 36.71673305219964 16.613246926936558 -1.0
0.5297080392085723 19.009702139185606 14.968433142895602 1.0
-10.764245377217035 19.32552224012308 34.298098931751355 -1.0
-5.797786574327951 27.93287235990676 14.651083605637618 1.0
-8.378872687687569 19.446264234344326 19.73287601026721 -1.0
24.451825203596577 13.414865943331618 37.27677829867939 1.0
13.38149402081383 52.627091319048844 37.846330508360076 -1.0
17.442460732664784 15.7200272085291 20.194231182184417 1.0
40.86841808717867 35.244281011219655 9.009209074438676 -1.0
15.886407882545935 17.07162266686571 28.798923612566348 1.0
-10.367140999725068 32.02671863467852 15.075016738257869 -1.0
-14.69370315040547 1.1776890435844052 12.729741826421362 1.0
11.582796965892628 -6.767490510807871 29.56047633646681 -1.0
21.859572672722592 30.651549826842878 42.76105982824162 1.0
22.983681088659782 35.1182031205654 7.744951761896497 -1.0
17.17350264127159 25.631656508632297 -15.65747205378362 1.0
21.461106521561337 27.61464278149986 5.944477204393601 -1.0
36.44356663766372 36.47313313414965 11.854129002925193 1.0
32.24835481821411 10.89345597949541 28.77963855975799 -1.0
22.04697545162051 8.733359922657803 16.095839809298024 1.0
28.649900437844767 10.587291058261979 4.379246667648165 -1.0
7.533681342032938 3.6779361918748887 -28.588170738088838 1.0
-24.644608732809903 19.097965568672592 10.988501592825006 -1.0
-6.537520497522333 11.820306321574652 15.89517673630363 1.0
38.61333511181205 5.10507033226729 18.80759983094583 -1.0
-2.1049853582874682 -2.5875231261659835 8.610874045668817 1.0
35.20056025916108 9.717857441682611 5.53793311805653 -1.0
13.851022023422216 7.7699431439332445 11.224136005952749 1.0
15.659526647636241 -0.7494724546109701 1.261093507399865 -1.0
16.771016736955918 16.78979859438483 25.021052603287657 1.0
8.224317192673134 13.224926640307109 19.969779969672228 -1.0
27.155717872866685 13.810229070715232 14.455161456125257 1.0
-10.433884799227638 33.889611246599124 17.94469815630694 -1.0
1.9710474468580275 23.034980408894203 12.266655178473851 1.0
-30.955157572019072 39.088944232075484 12.204789201306598 -1.0
25.64623122798277 -0.690646687815704 1.9236037589854693 1.0
26.848828138318183 3.4580042272415255 23.41454400307818 -1.0
19.436220577195716 22.575339527384912 -11.26773880779534 1.0
20.806707684549227 -11.22328290071025 7.1297817606343745 -1.0
-10.279906487796984 3.277635586341287 31.887310199618458 1.0
50.036987086347 -21.083154866016166 6.089007190101427 -1.0
-15.689072179108926 34.83319285819585 -1.75628868167464 1.0
-5.271357653284902 33.235915130611886 2.0654109761056367 -1.0
0.43908746676233457 21.824906628962044 24.244041215085602 1.0
-3.6216207988209135 22.799345666578326 13.963941888953189 -1.0
2.929048358638384 36.176654012376176 12.856996837890327 1.0
23.54222335869576 20.431454198700884 23.833002395841596 -1.0
0.1356331786306059 8.833776784702744 14.188845542047533 1.0
13.10345266965816 33.72853141629322 0.3588212569726421 -1.0
7.440861435717315 20.95405531490391 -1.8270845652385503 1.0
39.07871814873623 1.1189149549997501 20.809195515163392 -1.0
29.033891157794226 4.905203781936642 29.282465272393882 1.0
25.711378360504984 -2.4995628948185846 19.265770948077222 -1.0
-12.054148878804675 -2.8023896592331425 24.95704673277389 1.0
-0.7782332801621017 15.031271079444213 33.67377071391178 -1.0
10.819160366166063 7.752742471164974 27.713784516992572 1.0
28.397661370975854 16.248882156785655 4.748435648253799 -1.0
2.112206048175054 8.463974646690364 35.19426231903637 1.0
7.805869055401307 16.728499169267838 40.061403021587765 -1.0
12.433670034799317 -1.8314642473659006 13.533040487976633 1.0
18.474702250145626 37.146453736442425 33.84230322233353 -1.0
16.972472863131884 7.917418399573882 19.951620935462667 1.0
7.601094779206405 21.75854734740018 3.5219684569215564 -1.0
12.375476482138025 15.06660414150651 42.29052872433048 1.0
0.39820584789074714 21.680265844977495 39.7337961768555 -1.0
-14.505506239874714 37.54960803781035 5.563771501423393 1.0
5.427598896681871 -8.82365857454144 10.982168574243241 -1.0
6.168243126030133 -1.9410680628769974 26.823855575503003 1.0
10.957296913223011 16.800368920785772 18.219006416214537 -1.0
6.734381422529491 -0.02836814265714338 22.536550912077857 1.0
30.27869526154354 7.96759958649563 22.17441802933264 -1.0
13.879123378795216 1.7069396446218643 -2.0693475530764864 1.0
6.991915945766774 21.83446991266184 16.2161016485314 -1.0
0.016619093977308097 8.619365728124121 2.0512680053756163 1.0
20.455736337717994 7.753649295482868 18.087114657095487 -1.0
-16.269635015162805 29.89598243618911 4.265950960835414 1.0
23.01512128077898 19.727083488061872 28.515435065660917 -1.0
-22.646579257961488 1.8901294545828997 -4.542572637583785 1.0
28.25874680303436 13.66706861150438 -13.205081869555645 -1.0
44.93256406932523 35.41093519062589 12.011832516403922 1.0
1.2995447385696766 32.45240922507084 42.27146277347852 -1.0
9.973051838450388 -7.552284990694165 23.988366438369333 1.0
5.226059078039299 37.34894163996846 -5.039230105195109 -1.0
15.975350986040644 0.023396672154714082 14.790487805798861 1.0
10.919329781372452 23.712890352591934 18.8762193601814 -1.0
18.42375739451766 4.034169181592221 10.375613982604184 1.0
5.794266048885866 29.018176702236154 29.00916072603942 -1.0
35.11983593001489 -6.668248536612058 2.4248856542204824 1.0
5.849694282124912 -6.930739575967554 24.678266501676784 -1.0
21.025822009714297 20.870529241496843 10.17414432279014 1.0
-1.981708929522604 8.514429821309967 25.544907882207834 -1.0
23.48582204248012 7.080369669673572 6.685825179025212 1.0
-3.226173080945067 11.149406301776098 -4.411835694061278 -1.0
6.12292274107113 25.090294913416106 8.23306135582816 1.0
25.265090437861208 2.543184254436061 44.73936497613851 -1.0
20.810135656233005 26.886446809256284 11.138391489469292 1.0
11.207873579428762 15.827756928968288 22.07745638427613 -1.0
-3.1961883448832538 6.383974806095523 3.242599114911664 1.0
12.879043897428833 7.56052286596156 8.007443477359983 -1.0
0.4671943007737735 20.65003878795012 8.877256283792311 1.0
11.849134100882907 6.296162221496835 11.223128027242172 -1.0
23.70436212864169 47.800453961505255 4.079574860489768 1.0
17.000624196745168 10.071241040665038 25.377321394561477 -1.0
26.238608500316044 10.453942443478223 30.83542934596672 1.0
-5.0205039842008645 16.5482156057632 20.754598825585944 -1.0
26.866075138808483 15.13971311163463 19.693301039334383 1.0
6.757068242923677 22.349837089012688 21.56277232967282 -1.0
7.880998491732136 -6.540520412743547 9.71712091901677 1.0
12.083246713758795 17.09567386016134 -11.28605024064555 -1.0
8.024497532936499 16.311402122835826 11.159155587080306 1.0
-5.002496121701064 30.551886001315935 -27.88088923687572 -1.0
12.375243755519435 3.592447294535352 16.90928634049047 1.0
14.213772333648823 26.2337546713959 6.954962112768823 -1.0
7.734836095207561 12.274836354819238 34.961700749110086 1.0
-22.451514570998913 15.19328461004173 26.993494642725704 -1.0
-6.240540857909565 9.952185026798647 1.7579642051997086 1.0
6.458329780752415 11.228294859099167 33.037238317781906 -1.0
31.773220598275188 22.582603512008852 31.14016572652374 1.0
8.315817962794938 27.287498295294913 -3.931227080040898 -1.0
17.09657812996673 -6.525510040057117 32.39309119566397 1.0
6.4301480708715 3.3048299936987586 16.810789290307902 -1.0
-1.865135961392287 28.55111518969724 12.110746540981124 1.0
10.96631590334724 -1.296833340844131 1.3645044942999975 -1.0
-8.76384191956447 9.819805068986469 22.92417596563811 1.0
32.45176562469244 24.203110060076632 10.746018567280327 -1.0
-8.688472489198787 5.450794724318067 42.79408635428625 1.0
14.254371307121696 4.6667318168461795 23.20101231475593 -1.0
9.788071524444533 23.068889388254057 32.974691741464284 1.0
-12.780276323178732 1.8916149511638096 25.9500367683371 -1.0
0.3215807652889405 38.263822006620074 8.29185207255465 1.0
16.467139655722313 28.210539750152204 9.219317918545643 -1.0
12.078027111940244 39.9926817524812 34.220962990301075 1.0
14.69627126224236 14.458535530901006 15.773513075582134 -1.0
27.511654651088808 -4.703830198289072 28.079973889840712 1.0
19.16026365897744 -11.566684389624438 41.20855194502626 -1.0
-14.190571373286783 16.13839317658492 -13.524698195457468 1.0
-1.2884684660472665 -9.67889449906321 29.00143281762888 -1.0
23.347534509196063 50.19899945786091 13.495703683022917 1.0
-20.913119228402177 10.099964163753807 25.284967699399733 -1.0
5.949836245310931 14.706386945861668 45.687591654619695 1.0
22.789373534443722 10.796759304602757 36.34738371231805 -1.0
20.925258805799082 32.699381670022525 -0.7467468586544719 1.0
-18.921579565779247 13.802460805544996 1.465873303816536 -1.0
-11.840676095674894 -4.887692033552099 5.761311753247791 1.0
8.650340966833818 20.32931875163531 25.902641920920175 -1.0
13.893446916065757 17.306824740878003 -1.0377735275328206 1.0
14.711606426083211 37.33321668088343 21.970619708951485 -1.0
-12.01157324657901 1.379579658041288 35.25416006490518 1.0
3.106819278852218 14.010536185086785 7.407148739988073 -1.0
9.909542451181256 -9.057822928781043 31.312831413732347 1.0
33.412959722790205 -17.82607709429417 9.664786089007334 -1.0
21.07359358352746 6.328057852980504 21.0015240748488 1.0
15.475333163119359 22.994087065153856 29.424125931263035 -1.0
42.870389719282684 6.584217951308794 13.620742988192461 1.0
33.3722672758481 17.523114980759605 29.04948513160235 -1.0
-4.3776694246437415 24.718695230086464 16.43122457853215 1.0
-3.7890975326217173 0.8285324706467921 44.84289624138786 -1.0
-38.52888070317028 -14.821506713280975 46.54762558425328 1.0
-18.69274841929897 15.84783497196123 18.004454790467975 -1.0
2.6012455391693408 23.654105364230407 19.51502816293325 1.0
-7.4346055947015515 27.18052966812085 11.868507378653444 -1.0
12.689401547803914 3.339446478557285 3.3162431041179463 1.0
13.158061254081867 -5.903062932755784 49.15276666352681 -1.0
10.692268876678781 4.499150093931109 25.820868280141795 1.0
-10.051253070212649 8.022483522982244 21.70495603504377 -1.0
64.66213351039892 21.83551392121758 17.486601439242325 1.0
-5.035798726698733 -5.666450097541791 -13.078006569663946 -1.0
23.971539316715653 -14.365036599216968 -0.1306097237937216 1.0
11.488768547709407 23.736976894356356 9.835332006768645 -1.0
7.65417351939299 8.565422009991927 29.94172308345905 1.0
7.388168908343144 6.436323690485341 -10.792908905367588 -1.0
14.516749723138437 -7.386910092236594 18.44145656427795 1.0
-5.303555017087174 24.447658908951585 22.825224690719587 -1.0
-3.9651322063522976 11.280464044391149 4.78470551998704 1.0
24.67323533722061 7.4680096051338385 4.387930468526393 -1.0
14.531799531319733 12.775639332230408 1.7148536552060292 1.0
0.613919663168582 2.6694957964279107 -15.089569068474805 -1.0
9.661407821676 1.725360272253399 33.94832660832424 1.0
23.16793715893522 20.251134840921342 -15.641566824683267 -1.0
3.541834157574382 17.94635657801825 12.017104568438594 1.0
15.283130023918288 23.05146283407968 19.304357225906283 -1.0
25.753979864937808 5.549034000623291 -15.58262557270419 1.0
21.179595612187402 12.155486954129072 2.390601776163875 -1.0
4.121305353840435 21.870281323955677 -2.7045939942520754 1.0
44.66139864507609 0.32811805357475954 26.76993036063589 -1.0
-18.484119825623246 29.165267718931425 40.01941164803278 1.0
18.986849689717307 7.175243965654 -13.606376047123698 -1.0
47.98977991320122 21.321161798852387 1.3263051548762907 1.0
-16.042736101378175 -5.6757523646440475 -3.3028663713554955 -1.0
1.0046499734842043 0.2171992005774147 9.864176477207733 1.0
20.30264644394291 18.513562776797606 26.29711295272815 -1.0
11.566353597424639 0.18401252847993974 5.030798768394934 1.0
14.976470110048789 16.077848737473225 -5.460514033108524 -1.0
28.24712157920892 2.742890292005796 16.78610177914917 1.0
41.918892476810726 11.997569788300341 17.48024035696242 -1.0
-14.534805898352946 22.01882674784076 20.92142722354156 1.0
-4.36572373515618 3.0722638239769595 9.405316987880965 -1.0
10.113543210572725 32.11901051240531 13.661231523627235 1.0
-12.514784632071148 20.032910247240057 19.206127804692883 -1.0
-7.308219234970515 27.612143606085393 29.354219547864332 1.0
41.61278538236303 0.20969449460193895 -1.8510119532664433 -1.0
46.8517342883286 -26.219405879299472 32.18226662250179 1.0
13.177310608614649 16.14683684765747 36.06479573985 -1.0
0.9027987567637293 24.363352655564633 5.775186834010361 1.0
23.525926448255003 25.12196844597175 30.07696992280655 -1.0
27.274502366526487 -6.384040141250683 20.56960004899721 1.0
-1.6256512470727493 18.619008249008473 14.632846888200552 -1.0
12.345453486872369 36.6149836575985 24.95252646589281 1.0
-25.03375335717275 26.469365311060415 7.506032476573851 -1.0
-0.7741749396078426 16.82224836268447 9.874001361967425 1.0
-23.825241109187875 6.098647406827426 13.074902134733442 -1.0
42.702427008559575 40.102293786543385 -8.660470959165163 1.0
-5.150481351817842 7.181658892522529 31.936026156867754 -1.0
25.466622515775384 18.81475472644319 49.23442171988202 1.0
31.120761915079306 26.238215577456966 1.015577671131696 -1.0
6.102186613326455 7.432840264286265 37.68420835365798 1.0
15.47208751670403 11.534579763062997 29.566141926434288 -1.0
-7.809369389615782 -2.0136997849500347 27.86902630540809 1.0
25.1672617628336 23.79943416761404 11.257234414351018 -1.0
3.2825265049167487 8.35806515600783 -9.66685104561811 1.0
13.346724186048469 23.77873485122226 -9.683290090472873 -1.0
9.713869620306545 6.583610560166378 20.66131691582582 1.0
18.870036976004577 14.968156854187418 23.11134100797367 -1.0
-2.329018927842892 15.002681585123959 31.578793579267863 1.0
-18.718754331086867 50.846243283675605 19.177538182174107 -1.0
28.0181985557197 11.182842827817668 19.518479640379535 1.0
28.54518138097985 0.484461921605639 17.85842143239609 -1.0
-8.669284463523233 30.62778572091902 2.6110962885107645 1.0
7.806405178073233 5.464927957227259 32.096765055057936 -1.0
6.190202235440251 5.603373734266257 1.6892126785554833 1.0
11.965640260467346 -2.1220025055013423 22.74178073312081 -1.0
-12.560392828564797 10.929117952901201 34.019891126184234 1.0
3.5380586434081605 21.395379407753584 18.893835784575355 -1.0
24.817468317023987 29.73988558204504 20.974118692737278 1.0
28.56879762209563 24.398341045007875 10.771939180652081 -1.0
26.01178057998918 13.973897703392296 22.937835793677117 1.0
-5.627893159661834 9.761227455190973 14.351973661039391 -1.0
6.421437299092478 -1.5265874887150694 13.74503524778321 1.0
31.02419252890058 -16.291222916671657 14.722381695100886 -1.0
10.417345863110977 14.509561578900252 2.4027818253647353 1.0
28.86490553393712 -4.704989364404792 8.608916154282092 -1.0
29.17028561534451 12.784206756125542 28.440034495157015 1.0
8.699854885524621 17.622585842585273 33.38750498912538 -1.0
-1.5120262551015955 -3.0176810097364672 16.139360225595947 1.0
18.78936307951537 25.416905413507273 30.54857846361113 -1.0
-21.64251957352633 37.155635191673014 32.81504650670272 1.0
44.02345602581818 10.088257337465134 20.91913303889852 -1.0
13.505363089006162 24.305639356605212 27.837321912314493 1.0
22.046203648121526 26.798149555897577 39.29825949783159 -1.0
5.74571424408518 26.748608947459914 -13.852288864811321 1.0
34.523188776498436 -11.200114165954822 5.101261931908101 -1.0
34.89959732616194 9.181123901295768 7.864932694092853 1.0
-16.880371960751752 28.35237587961504 -0.16396457419449106 -1.0
24.664484995605516 5.932267579783359 -1.2201014780843842 1.0
36.171114900277914 -14.457212561858128 8.863505375144774 -1.0
9.636536970701329 22.267778005032852 11.510888706329926 1.0
12.266470887099045 -12.511099008152453 19.007819052896274 -1.0
28.331509497336466 29.196511243992987 38.81844469532267 1.0
9.037219477387437 9.278940950444463 0.808581998383526 -1.0
3.3742027232871274 -6.3955466695130205 6.351995423823644 1.0
2.2829819294121725 24.20157285526919 3.4061722880267653 -1.0
17.427871834926147 -6.846772934772321 15.590246069605566 1.0
-0.43204109099658083 22.17371351230122 2.030333602857518 -1.0
17.311978420881193 5.207936647782326 23.711611811486254 1.0
33.00649308119025 5.477353662033054 20.400659205120206 -1.0
-4.726746708005589 15.130681354601236 18.514105482673973 1.0
4.962075447176825 2.8169459617823347 22.056850201983796 -1.0
29.331176000851244 26.49466814802039 28.991324306865135 1.0
-7.20239827613694 -4.014008699164993 3.416472744622583 -1.0
18.556977329126454 -2.818187748946226 5.901590829985752 1.0
31.39853936248568 13.898791037809792 41.196153800428235 -1.0
-5.681793816102413 -8.134730463942056 -2.4635569781700717 1.0
0.1217649091143818 -9.272561656896166 47.61013743539227 -1.0
5.661259802728051 16.32415651111894 3.8631642344647403 1.0
-0.409649850199191 12.557747568210637 31.300748293412035 -1.0
10.484981219899563 25.474438957706177 21.23867989184175 1.0
15.4903774616418 -7.367639924063038 26.66553149021531 -1.0
15.386700632919107 9.110136544112994 1.6616754047092241 1.0
-5.484530787702511 -4.329166352347663 20.801167142078153 -1.0
-1.9484025100656375 28.016414245681688 33.41560620181455 1.0
2.1426652881520454 26.755517194842252 0.6852768672567132 -1.0
-11.300225656558908 25.769184229331625 18.42578236363956 1.0
-18.476158012907284 13.283245869110294 12.28570607737719 -1.0
-15.21160322489283 9.827436384590413 44.15318038630488 1.0
-3.328934978019511 22.097790156236588 17.53446514680213 -1.0
35.17462430349337 5.829614948479649 9.290010555149383 1.0
11.663321627963262 29.00045098175999 8.599284404225939 -1.0
-7.488379218826896 24.212232489954037 -0.7396228338305484 1.0
4.116099317371398 24.38795176162454 14.7769555452441 -1.0
-1.7208542936846314 -5.0334000747639465 12.342515503718522 1.0
-24.010811965494398 28.855427256307447 3.6916219605612652 -1.0
-1.261068814639387 1.7870074246978684 -9.117928102077464 1.0
4.178937932460963 29.83172703957567 6.772991240087029 -1.0
10.418806222159281 22.18672719890554 25.367061038055528 1.0
22.396718649534 11.089802988887593 16.75801801276457 -1.0
7.0301384270553395 12.865277319582544 17.654107026756897 1.0
