512
22.728
-0.030058834663794443 0.27522517480818337 0.5784873829375228 1.0
0.171876375588409 0.1912800828072569 3.4381038499926664 -1.0
-0.030936561025971088 0.09138504709121482 6.125233831772639 1.0
-0.1945971199078258 0.08785930426125015 8.838504211344322 -1.0
0.2319379616697861 0.2892257393032754 11.596763961919283 1.0
-0.037017501703122235 0.03810470681309349 14.653085239885456 -1.0
0.10281357899569027 0.1580248405177388 17.508162458944128 1.0
0.04240263832526263 0.26152732822667185 20.286827092386176 -1.0
-0.04148439760307099 2.9412343588420993 0.5060139950274657 -1.0
0.00011243458299503573 3.0899015859025525 3.1509548674039 1.0
0.10564463119967218 3.0679001715850758 5.7802048686023815 -1.0
0.000621937375916759 2.9331375711805445 8.854027344888289 1.0
0.10926353585440152 2.7855954809731602 11.547954887744211 -1.0
-0.15895243002357518 2.893244957902866 14.42131442382121 1.0
-0.15536202106169128 2.8250027930764188 17.510659515953623 -1.0
0.050422455379393744 3.0694075195997432 20.604588602186187 1.0
-0.10632114374803692 5.933199675243023 0.4128550548215557 1.0
-0.062031092890002526 5.989968154381489 3.388851208187259 -1.0
-0.1929962359890247 5.976496349172264 6.124219598988233 1.0
0.17871072925603773 5.736489033457868 9.208361560814929 -1.0
-0.06166037273887426 6.048224127860143 11.983661469342335 1.0
0.05571414742111534 6.0370434571765985 14.791859668438171 -1.0
0.14705070870373 5.72756602484492 17.416412955467244 1.0
-0.01835195703075243 5.919409060952101 20.45641374920581 -1.0
-0.06655523551631148 8.658254649547679 0.5334507989320131 -1.0
-0.086114942686077 8.984153103706578 3.349319540056266 1.0
-0.038365326156000634 8.702117112666189 6.217398526223456 -1.0
-0.1025262285975792 8.931810990594506 9.199562302779812 1.0
-0.166840606148547 8.71684371864424 11.914975429593504 -1.0
0.1076923203071997 8.852948474049818 14.777167757464312 1.0
-0.18865110879307423 8.467469251697631 17.50580839724876 -1.0
-0.2732410792546993 8.468313209609597 20.41297283084714 1.0
0.009635729654148802 11.456182422778385 0.49926856372480205 1.0
0.16354144620278238 11.572728483960935 3.3349727624600276 -1.0
0.00026651701491134817 11.499937260524908 6.431502217582509 1.0
-0.19931995564872196 11.679532995117194 9.184149934873874 -1.0
-0.04282653436826678 11.726021361109769 11.84760287588153 1.0
-0.07203772743369186 11.668637559943278 14.767279150216362 -1.0
-0.22285499881837367 11.398238794916855 17.57321623848914 1.0
-0.27052041149341477 11.191797077487443 20.34159688511188 -1.0
0.14134153729620966 14.425117403567459 0.5408656722827713 -1.0
-0.0869983834899486 14.21663486120825 3.30501495508714 1.0
-0.013523674219129589 14.436672681271295 6.206457587228518 -1.0
0.15317559143959325 14.391370587456134 8.885474972048168 1.0
-0.04177290429129599 14.352644070836517 11.619750304134778 -1.0
0.10254958383616879 14.405122249386578 14.447701226973164 1.0
0.003013496698908824 14.241336837818126 17.76861291792887 -1.0
-0.05141935826034327 14.216141184018655 20.468277221839 1.0
-0.07725710999155311 17.298455743551056 0.6770678811680689 1.0
0.12290763949208244 16.927126879615592 3.495351590763928 -1.0
0.05532200039817961 17.287756141926277 6.269702200990818 1.0
0.06504674604365726 17.250420460234555 8.977817912951632 -1.0
0.0030884141503611413 17.240599558509192 11.646237760699481 1.0
0.18278400280158064 17.216745294850227 14.660115769339543 -1.0
0.1020958259189726 17.349416875088767 17.58882724794734 1.0
0.04494211645227296 17.15136036234455 20.341627110316825 -1.0
-0.19631952209173775 19.931452936399275 0.5886410496869482 -1.0
0.2505617122503486 19.94958589651796 3.178896972463681 1.0
0.11549763884941334 19.976209003134784 6.074307402571957 -1.0
0.18164525854361419 19.89280456154888 9.023091950464165 1.0
0.15519684625151572 20.01583292610868 11.879363646889594 -1.0
0.12441739520556637 20.067066654304014 14.578597352278033 1.0
-0.0019359579923836634 19.932723196024654 17.511028695021924 -1.0
-0.1636243258337302 20.11216856511486 20.409110470023 1.0
2.8519227849788007 0.07051849132225252 0.4894801620091443 -1.0
3.090050067749206 0.2253563025734525 3.3359331720685126 1.0
3.0438464871285507 0.23672020795092635 6.198644249668268 -1.0
2.952991893659164 0.15487609109249306 8.912557730664778 1.0
2.9054790810660465 0.09434100018704739 11.761854368067686 -1.0
2.786611218792126 0.05939085614323342 14.608082282672676 1.0
2.8118871600433635 0.2913955529823429 17.5498552720286 -1.0
2.842453471837467 0.27972262826010963 20.61505199554733 1.0
2.801642050534104 3.030827188830069 0.5788295584823454 1.0
2.9643855218502764 2.979278994185218 3.1881857211981885 -1.0
2.6454084059265695 3.0182442961595317 5.818378676336621 1.0
2.9864548397409947 3.0332765669631137 8.83516160900969 -1.0
2.9298136376007577 3.02613165143652 11.845094617086737 1.0
2.6756406512652617 3.0465746922693318 14.689538940074465 -1.0
2.7906683409651163 2.8547244042250455 17.447928962327822 1.0
2.854898277022992 3.053675365397631 20.455783528742362 -1.0
2.665452553975235 5.710334137897751 0.45447637653009004 -1.0
2.6047169627647397 5.888688045056751 3.3661546023590803 1.0
2.7889595120071182 5.7865955148737935 6.052875250660905 -1.0
2.6739957858248085 5.920519163705584 9.061289192880144 1.0
2.826517078244684 5.958708246111354 11.843184684791261 -1.0
2.8602511926753493 5.975422894938539 14.598408005967439 1.0
2.8165972426693657 5.7089613478829095 17.556339504371877 -1.0
2.9838836296037186 5.776627792486583 20.34985366901774 1.0
2.9052007102479274 8.576325703671946 0.33605059925278863 1.0
2.834121974595263 8.678288563867074 2.946140914820223 -1.0
2.698437804320495 8.597514877022228 6.233400923208282 1.0
2.929774189595347 8.764334352360851 9.13945751419165 -1.0
2.8517231308850164 8.795992986120558 11.941348436422789 1.0
3.007678836167185 8.980383449576658 14.678516436858187 -1.0
2.689907499927419 8.493623493006087 17.57894538418144 1.0
3.016844797704056 8.735429790763794 20.46370376467821 -1.0
2.8830639980680743 11.629062711930228 0.46740444706124745 -1.0
2.910168407422324 11.507001870767123 3.4199225707735588 1.0
2.8995133761293035 11.463290977997232 6.170765732069777 -1.0
2.797009050516351 11.597497876600228 8.99596834116935 1.0
2.6394958010564586 11.647870510417722 11.685966244057697 -1.0
2.8447582618956075 11.854233327075551 14.848713691519485 1.0
2.755813955738156 11.538245494383109 17.377658057142025 -1.0
2.9323931388023405 11.436651158619686 20.39379968130531 1.0
2.9740612628914853 14.333196108903593 0.5631853933320097 1.0
3.145629268631622 14.17310849031225 3.2831217469435825 -1.0
2.7249750872628367 14.563652942940735 6.093938675763739 1.0
2.7840623500109722 14.626576952031824 8.724179953905011 -1.0
2.998130965873331 14.294574062391423 11.496472911274623 1.0
2.870614143337213 14.487039675478288 14.461784679078267 -1.0
2.7409013044216057 14.296531630614902 17.647755865314064 1.0
3.1059227462321104 14.244447424469724 20.52543273530948 -1.0
2.805995358010369 17.467624310957998 0.6922766669894408 -1.0
2.9712643297038666 17.28830198148046 3.3901024315716546 1.0
2.9736483781886487 17.348521859870043 6.139312608993155 -1.0
3.172482842246674 17.279546909618407 8.671496540636577 1.0
2.986577745106605 17.167665080225238 11.697811808888108 -1.0
2.8022442905191998 17.221918075245796 14.443993065636308 1.0
2.833294164860076 17.14547701263032 17.32380973278291 -1.0
2.8680472714880647 17.34112118191681 20.614899407946567 1.0
2.811691920593037 20.12100563680892 0.5936744344758741 1.0
2.998426753918361 20.19059485778856 3.2439143479174506 -1.0
2.8884675731112552 20.036599388053993 6.062535354504464 1.0
2.7541390692632453 20.161686264091287 8.970270557496837 -1.0
2.8982836043524274 20.032230955444778 11.709874318025971 1.0
2.8945505798478615 20.00300124297008 14.745024415033498 -1.0
2.653978553045201 20.11704891456815 17.468097154750865 1.0
2.677541837461591 20.003167911986754 20.355146936125113 -1.0
5.802079017808187 0.12053514372141878 0.3688872422338831 1.0
5.8085426839708365 0.3210600454109154 3.2711573474480655 -1.0
5.573501348697202 0.11593690157739175 6.0312813393022235 1.0
5.8763807314297605 0.22648022643598886 9.033082058283224 -1.0
5.975671295667992 0.21990496562682008 11.612574062033646 1.0
5.777303153556589 0.2184542422465064 14.551245614780246 -1.0
5.594469129829702 0.336096005621243 17.268006254823533 1.0
5.691571464658042 0.3373604207238197 20.282836009540645 -1.0
5.616644217014269 2.9945434363182875 0.4015800223597292 -1.0
5.757444460772229 3.142022319787397 3.321175711610085 1.0
5.7904293898337755 3.1609784460170465 6.207826136505673 -1.0
5.820627150673168 2.9543932408801594 8.806726826709019 1.0
5.672822783659433 2.913980532335368 11.856295706504074 -1.0
5.49268797699971 3.0021943077593787 14.717558532672268 1.0
5.5438513151714695 3.02479681330804 17.352503590044094 -1.0
5.714749458910068 2.9789215582090764 20.34956301031819 1.0
5.609834701905958 6.01214516583612 0.5883535400163117 1.0
5.654931576458553 5.965730493080702 3.3339568390139243 -1.0
5.660664345758526 5.95821061120836 6.30821346384872 1.0
5.713551070180097 5.863500369320756 8.958971297593816 -1.0
5.65833067823071 5.827603199368705 11.730783445216309 1.0
5.401468633816149 5.997932135947805 14.782932487136634 -1.0
5.661256319351089 5.8588983846043625 17.309019972254085 1.0
5.696592628274227 5.8463800373376085 20.336126767349516 -1.0
5.917568038076616 8.85278529783603 0.6648813439978788 -1.0
5.662851758591083 8.635563028956406 3.329336111095794 1.0
5.718982526043805 8.932185736108938 6.242200110771419 -1.0
5.768272760329253 8.885181959448985 9.22576998636179 1.0
5.894032839340836 8.702318540828646 11.866261918519152 -1.0
5.473882821747263 8.842166392913526 14.551481226077211 1.0
5.643405713538639 8.696057894626616 17.519792863758656 -1.0
5.7375340283457845 8.722338586012967 20.463437254024328 1.0
5.659418775660282 11.551763232491016 0.6113630735499794 1.0
5.810472354694791 11.487872725038 3.339989970632171 -1.0
5.738872464324331 11.556524939197532 6.002236384875818 1.0
5.688306094723207 11.607607923858367 9.199818489956282 -1.0
5.561679655051014 11.424274882112481 11.69532810638597 1.0
5.506443686582574 11.5102496672698 14.348813736478014 -1.0
5.607934440154684 11.389117607895338 17.346680369442282 1.0
5.6703491770043275 11.45776698778165 20.342397065045795 -1.0
5.954269142183537 14.64864745528458 0.485129502786726 -1.0
5.781818174364383 14.614064381232682 3.417023292938294 1.0
5.598562915729488 14.639748571075486 6.2098752214135935 -1.0
5.6800304995340705 14.318727321165927 8.90997061326295 1.0
5.637873770579881 14.398866045590625 11.737919050136794 -1.0
5.498788507101282 14.391144622087463 14.591840122783564 1.0
5.519822891457155 14.33815068118192 17.248307737769327 -1.0
5.669507685250319 14.338639834282954 20.199379697487977 1.0
6.224599734494287 17.118965956742557 0.5120587335022991 1.0
5.738026973722944 17.467555936940627 3.260098976739093 -1.0
5.812565057782842 17.341952784113605 6.231196712578355 1.0
6.010336016511889 17.261630673124007 9.042609558119374 -1.0
5.768637536121905 17.24262080363057 11.839823767403557 1.0
5.6777969154452235 17.186092488812964 14.433163210967887 -1.0
5.718503929240419 17.64905364170072 17.59191015040912 1.0
5.703135152782498 17.428507012129675 20.380129340369177 -1.0
5.91619922805355 19.9247214534531 0.4797138269430328 -1.0
5.77712984107335 20.225130624041938 3.221637496871216 1.0
5.664888079831638 19.898974586138667 6.278353994810826 -1.0
5.870416382785336 20.15222575148329 8.928175408895061 1.0
5.65998070021672 20.163221997650027 11.712369699677152 -1.0
5.566955350979779 20.171951800653773 14.592272755337216 1.0
5.701301988716202 20.267430079467122 17.30553210047353 -1.0
5.551057748525658 20.092897478890855 20.37723386639758 1.0
8.612058741680427 0.2209329823148125 0.4460307131403475 -1.0
8.46575891202235 0.22807702388304837 3.283920245487145 1.0
8.395067439039961 0.13819034151507806 6.2153121784907235 -1.0
8.634395676746244 -0.015526772981441894 8.940727834960656 1.0
8.491171911164669 0.060332953624614945 11.72097203814423 -1.0
8.677782402187155 0.2971237301318693 14.624033048918454 1.0
8.550553105653766 0.23280738525783407 17.48191345054844 -1.0
8.767800702362832 0.27282978232465543 20.238965699096834 1.0
8.711698562576995 3.10273174241071 0.504451889700082 1.0
8.559522760185585 3.2023798623894 3.4921358221706402 -1.0
8.612403504755516 3.0763581898297985 6.274276149360746 1.0
8.749646396926753 3.147172807597038 8.870453875488781 -1.0
8.386749511059449 3.122083811022995 11.863857206560747 1.0
8.617776457941313 3.0230839685255937 14.558515222172653 -1.0
8.577962318881703 2.8985845770760568 17.3324366337197 1.0
8.59197875061046 2.922530702589244 20.178051541813236 -1.0
8.53523670145742 5.817969020658 0.6460401491939554 -1.0
8.423473371210491 5.829036923852245 3.4482182071860974 1.0
8.34418381897581 5.939609464535603 6.324395641030937 -1.0
8.51198172866562 5.806934666678737 8.962437035883694 1.0
8.284695190506573 5.890322533759327 11.887362585435982 -1.0
8.349826020762334 5.883017427818192 14.565090905853287 1.0
8.45946498742807 5.943605229135806 17.212507755119944 -1.0
8.424231388159093 5.727116937478851 20.259818837927313 1.0
8.467088942976345 8.635679566793124 0.40680595344203957 1.0
8.591511332676045 8.763563121035098 3.115824866754681 -1.0
8.441536987454876 8.976187270081335 6.264665516080545 1.0
8.367110256248543 8.760667851237967 8.955491339417001 -1.0
8.69568153430999 8.601487724519023 11.833787323517416 1.0
8.489572807951422 8.694155771541409 14.64878068290945 -1.0
8.56393270454774 8.713932324250575 17.37745872586686 1.0
8.562817834853245 8.533695033317569 20.335301727940152 -1.0
8.729334741975409 11.554647690618372 0.5199733293980701 -1.0
8.707892994899684 11.458857693049222 3.305728424632346 1.0
8.477896548969388 11.680290742762056 6.141884066230544 -1.0
8.615601474884219 11.505248675456176 9.036681512161511 1.0
8.88764543028251 11.55630386192521 11.765250915775075 -1.0
8.570186940785181 11.46806894359881 14.54941089597667 1.0
8.420698050568891 11.397581145064859 17.15670902713052 -1.0
8.640200175736659 11.317200553613436 20.33353874610676 1.0
8.60998444138987 14.288681658783696 0.49769655661348877 1.0
8.530668649268561 14.373709800146052 3.62714943400802 -1.0
8.713056608600322 14.346445297900427 6.12518404325678 1.0
8.647043292536306 14.503070467260764 8.709135044701611 -1.0
8.423712593257363 14.388178553599372 11.77384972452401 1.0
8.523851062094417 14.26794068582606 14.43414002580249 -1.0
8.592511250603623 14.268329499443807 17.353776462760873 1.0
8.596173677725146 14.342503389798134 20.481730225806913 -1.0
8.722215913843478 17.241526699803885 0.76092912652867 -1.0
8.753217614901716 17.36377181930951 3.3932560430548633 1.0
8.680874012283844 17.286532737503073 6.23726380153161 -1.0
8.624212216489546 17.31470553649619 9.171437655049758 1.0
8.548773120070242 17.48678426462519 11.78933486875046 -1.0
8.543555782390817 17.162070601437296 14.702112534549281 1.0
8.68000369010934 17.277578522269387 17.559154528993748 -1.0
8.585942900202923 17.121675458146658 20.23896027412074 1.0
8.607153423181614 19.885762635796567 0.2990500686833178 1.0
8.558470401039743 20.00374783027986 3.292012054030469 -1.0
8.454780853295611 20.10772807198138 6.2403284569397774 1.0
8.663843528663568 20.08851493796689 9.05286918336249 -1.0
8.715143311929463 20.037877007990765 11.623440457643966 1.0
8.446465365041512 20.208140015593475 14.609878431976693 -1.0
8.539079528195053 20.214666455455724 17.532846345098722 1.0
8.617738524963402 20.026996315375754 20.351920935322102 -1.0
11.760811380002776 0.26980793530721836 0.37614458785322646 1.0
11.48163291489853 0.04729095149351853 3.4488328920245808 -1.0
11.331983563117014 -0.07318906387291335 6.157244559593291 1.0
11.229047595309673 -0.03678747380026692 8.771145123876089 -1.0
11.390225839030158 0.0836373460709813 11.866114834166465 1.0
11.417411882715735 0.15604078212251551 14.629879800380047 -1.0
11.199100872381083 0.02023609527974341 17.816286298245792 1.0
11.233189608664265 0.3518621890875957 20.555147262230218 -1.0
11.34320514298546 2.9546226735923455 0.4648403484065251 -1.0
11.38984810945155 3.200899459216761 3.3368452569429357 1.0
11.41182422163863 2.986960744326402 6.257488380538495 -1.0
11.464714050551803 3.1042801031924503 8.963406292619627 1.0
11.430173847098857 3.0434041394501734 11.791375461349544 -1.0
11.578029373961302 2.851090525838571 14.610083717775819 1.0
11.23816341565752 3.163471883561744 17.515720116934343 -1.0
11.469912714762769 2.84968905482753 20.322542103597257 1.0
11.268864952204945 5.960339710724158 0.1936197874612117 1.0
11.290555603670652 5.795343359069626 3.3408572816842366 -1.0
11.376075480360514 5.878104239730674 6.231400421839278 1.0
11.40605749573554 5.877730313659922 9.014301990107688 -1.0
11.399882981778562 5.75042659567981 11.792220686838949 1.0
11.489152750414176 5.761007656591762 14.65209817509333 -1.0
11.270988724445072 5.870988988005443 17.515302424940447 1.0
11.339533956152385 5.889509944206573 20.294995787778216 -1.0
11.367822627476615 8.519310574230325 0.49220995588369865 -1.0
11.253575039969569 8.604940450916946 3.2835259743430476 1.0
11.258979912961001 8.756139171729293 6.084134521839501 -1.0
11.318872067741053 8.871987540236438 9.051214685969793 1.0
11.411883234771976 8.446415501206399 11.91211872213162 -1.0
11.33628698925138 8.489383323197695 14.706054253796491 1.0
11.292824150203982 8.637885252810198 17.58328425071655 -1.0
11.354068523053217 8.716116054014408 20.36030938528911 1.0
11.314947816682183 11.313204900373938 0.41241669377615786 1.0
11.503409395569227 11.47163870882817 3.493347491700199 -1.0
11.271705791869197 11.66026468276954 6.257518948716791 1.0
11.462458637159948 11.545920079421926 8.851781161915994 -1.0
11.501341219715085 11.492430932281053 11.914578366822083 1.0
11.304157249959779 11.566016708104486 14.813053502305781 -1.0
11.527269260072368 11.233882282502538 17.4505367684426 1.0
11.30990233080009 11.443393385643628 20.146981372944968 -1.0
11.364639241602127 14.137413464759696 0.38193049912930677 -1.0
11.371219973543322 14.175124917992107 3.302748078897692 1.0
11.4785740191843 14.52825975760374 5.955001228290942 -1.0
11.457886939003377 14.477162843136231 9.005877132052635 1.0
11.245744979236202 14.637080278199837 11.90708544325931 -1.0
11.340054698394287 14.259898546020725 14.753787069026867 1.0
11.402595801306274 14.278468092630964 17.54780866986427 -1.0
11.247574210816882 14.303675920623675 20.463385960450942 1.0
11.62010763592925 17.24897474575809 0.641581542258704 1.0
11.460121578481546 17.09416558254612 3.2267935126261693 -1.0
11.473028101607916 17.217973723198714 6.072186700838642 1.0
11.20972668973271 17.324501170177477 8.96946195433439 -1.0
11.471465462328837 17.141203310181673 11.98620407443079 1.0
11.380248778526248 17.146469120715913 14.74156537392311 -1.0
11.544521295674581 17.247787322827275 17.665402006806413 1.0
11.167977960783839 17.00345353507446 20.40449673142184 -1.0
11.46121456149797 19.95032988193587 0.46324522508505134 -1.0
11.226518344767541 19.975862283852866 3.2867299109078187 1.0
11.22105232215894 20.044982381238185 6.046036093890934 -1.0
11.41063429336137 19.96552278974256 9.1118161112961 1.0
11.484089145532417 20.0367112597391 11.979564623588256 -1.0
11.513683950407916 20.156846980200385 14.69366424770232 1.0
11.452434521913798 20.115036428259494 17.77836849380938 -1.0
11.444131171220244 20.055359964912956 20.412976524902323 1.0
14.367301185419128 0.2096925808796634 0.5517408757147937 -1.0
14.198155449039744 0.3410184088748743 3.4249018188421263 1.0
14.433128339709445 0.06749501471906072 6.213255674038939 -1.0
14.314899121890875 0.05652455465168102 8.839222389714484 1.0
14.41348172545176 -0.001179613830341708 11.837074486821619 -1.0
14.129001621533082 0.11399322732149123 14.711820825852909 1.0
14.076735071522005 0.44038526249621707 17.647449263489705 -1.0
14.222047064810837 0.22908918379418355 20.449078442402566 1.0
14.327712549710503 3.034396572252122 0.5890350605083862 1.0
14.240511918472913 2.95707602409627 3.3282908929416557 -1.0
14.30686792208117 2.7257984876938752 5.968460989784696 1.0
14.167414332966397 2.858153573600026 8.724758531049881 -1.0
14.454449686102457 2.893200698003319 11.693314754705943 1.0
14.143280872992836 2.9587464721619834 14.576654036154991 -1.0
14.373698426668275 3.053145826097849 17.554873010355866 1.0
14.093790246295391 2.834893921705919 20.49425701789525 -1.0
14.151527310110144 5.753885676756962 0.6178070131586889 -1.0
14.192112520983054 6.093466436956457 3.2451015989738377 1.0
14.157250393959064 5.9162514645964155 6.196561365346001 -1.0
14.086149053284455 5.728799887052162 8.90975793740395 1.0
14.090323766628979 5.8671641496025915 11.69983676143048 -1.0
14.183560112496556 5.834700033897715 14.501666130814463 1.0
14.186355984238755 5.7511526535302195 17.530229294394736 -1.0
14.133477074572822 5.703769794087365 20.332553349784792 1.0
14.224058626642101 8.474516269431122 0.5460989111167163 1.0
14.25060710336255 8.743764258993977 3.1847547703836696 -1.0
14.226757768013778 8.714311853800721 6.352869532495623 1.0
14.251714704271048 8.826425848069638 9.120731850840848 -1.0
14.236808930414476 8.524464630277748 12.00816404102379 1.0
14.038723257458688 8.61185660224843 14.728341200252146 -1.0
14.29168189137826 8.366187513054626 17.61743295522138 1.0
14.322016037445273 8.624953327111333 20.607886168596902 -1.0
14.11400149693897 11.48179275782907 0.5207789488564237 -1.0
14.30154323477527 11.480298541909313 3.252271481720148 1.0
14.368903922028458 11.593852301246283 5.961480592487884 -1.0
14.171834407562411 11.674032111811272 8.852540283058625 1.0
14.30083121060496 11.804066506272287 11.72847374349238 -1.0
13.9622111687311 11.769386482248132 14.798368406977016 1.0
14.127600464855018 11.443607740009682 17.69106996142193 -1.0
14.28253428319093 11.461381676941269 20.387888364974714 1.0
14.224955757905757 14.121989008872097 0.4389329458269447 1.0
14.44302828324624 14.287178604808057 3.2618932387815778 -1.0
14.25532393888101 14.274414997472508 6.346395138959814 1.0
14.202979502357838 14.391771353678164 8.9530451526619 -1.0
14.448418842038127 14.586855379307602 11.75769741523919 1.0
14.210478105991111 14.387801172016143 14.6891988140344 -1.0
14.080340728728517 14.574528445557238 17.447341101507533 1.0
14.269051704825394 14.338086628046733 20.33770738105381 -1.0
14.239720838102475 17.202204973901985 0.5457387424131123 -1.0
14.29526045059968 16.97672037312129 3.4244881100533764 1.0
14.303197232165424 17.094174759129473 6.175907595439799 -1.0
14.282314364722886 17.1429128327147 8.871322858566144 1.0
14.234162172202973 17.261682433847632 11.848466510405851 -1.0
14.184077009850856 17.400543363191808 14.580559104913455 1.0
14.096026125394062 17.268516653418647 17.588009867524146 -1.0
14.233795814498336 17.254268880353827 20.354295268239767 1.0
14.441647838572626 19.950831955882872 0.6908760186085416 1.0
14.054296318191746 20.141970833797647 3.3514931332240363 -1.0
14.356425289075608 20.117615580965886 6.060709761065842 1.0
14.268598137771187 20.031919961186237 8.96168849549953 -1.0
14.411943518007211 20.010422673395738 11.925041580033273 1.0
14.343961125093033 19.9854669011473 14.797999377708045 -1.0
14.322905086720747 20.223408368306867 17.776641687160566 1.0
14.317050921137536 19.88890184088303 20.365042859975315 -1.0
17.106305738524863 -0.009441567304460108 0.5193143304085637 1.0
17.411685857171044 0.05531300254609661 3.351583509263368 -1.0
17.26623194103847 -0.11032676418314225 6.270697423520658 1.0
17.10709807371743 0.10131391644786485 8.981649896419482 -1.0
17.11726014580267 0.3016841608357691 11.74774118357795 1.0
16.908670078859483 0.13849288307875537 14.550908709924853 -1.0
17.09595187298828 0.09955305105579802 17.283703976345002 1.0
17.179333203472346 0.0633743732679094 20.36719470527971 -1.0
17.105439392146312 2.8858595203279522 0.35486363993039094 -1.0
17.13708955039339 3.031370618963143 3.285383958557294 1.0
16.91327493434883 3.0399190204261584 6.093521920412326 -1.0
17.017695328266214 3.0211373039647467 8.814793569191927 1.0
17.06906922343019 3.0211702839788517 11.731220490012976 -1.0
17.279442212066833 3.0479727061324433 14.559591963601138 1.0
16.978349204127593 3.0212166404314713 17.484438691475965 -1.0
17.035399737394876 2.8864794360459816 20.384605453640013 1.0
17.219995157872344 5.892439082802485 0.4293557903692539 1.0
17.119237128075774 5.801356219460921 3.1606461031127178 -1.0
16.970723809182083 5.785049060342314 5.9998150101071674 1.0
17.140617595163413 5.750171390119104 9.174080046813742 -1.0
16.824532010458896 5.886909008774213 11.848166918361127 1.0
17.025310946024405 5.848693499702014 14.62253321840159 -1.0
16.92897601577207 5.791831758199139 17.537798906055272 1.0
16.97035016137479 5.674490051182651 20.286793138829758 -1.0
17.13264563857283 8.586357781717474 0.6047202334408426 -1.0
17.05643484687364 8.70391276352787 3.170640097711624 1.0
17.017968583096863 8.61952166038709 6.069205857458221 -1.0
17.161335135180874 8.503238498969118 8.92141719068004 1.0
16.80872236558467 8.468193511455281 12.043419691070056 -1.0
17.018111369141927 8.583780138092184 14.828198342333026 1.0
16.87854305278406 8.523599758278813 17.59138637210919 -1.0
17.108673843641164 8.701465044042191 20.224769615412523 1.0
17.186538748911453 11.544392731740043 0.5115530695773971 1.0
17.198381770736624 11.362669759037624 3.216440840596213 -1.0
17.045161776969667 11.62800690506291 6.207655363310458 1.0
17.21370244270378 11.668599076190056 8.892882333108794 -1.0
16.946337268572677 11.473462945543586 11.972516075562584 1.0
17.09251484463866 11.55798525085295 14.771111459700183 -1.0
16.83629248397697 11.408276177821818 17.56560089168173 1.0
17.08203564827277 11.42078377517269 20.3790579319103 -1.0
17.114657356821326 14.469430906164657 0.5299294366169292 -1.0
17.21829193498245 14.176857018093695 3.4886242350315797 1.0
17.196708342285383 14.33432237363047 6.128261725012025 -1.0
17.12254543004068 14.291948529108687 9.175089103339499 1.0
17.040098858604395 14.309361714677085 11.928079851889242 -1.0
16.84653385569415 14.508975219351585 14.73577713180913 1.0
17.00765939446741 14.415064132928594 17.493050257126928 -1.0
17.071260097982826 14.39765634568924 20.30237969169523 1.0
17.185254225282357 17.295170336774227 0.5554637964692041 1.0
17.187765206476172 17.15596784391499 3.341574881859357 -1.0
17.134692551001432 17.013876325753884 6.096050841660837 1.0
17.108786321607237 16.84270912664655 9.089047248125379 -1.0
17.23229541774574 17.187107002204186 11.98815683856735 1.0
17.11539869027353 17.22308890751326 14.850559338862443 -1.0
16.99145846167132 17.139027036340696 17.61087702759058 1.0
17.039219798044755 17.193664471599234 20.261352420554008 -1.0
17.087873065056776 20.098073141878142 0.6398120703081225 -1.0
17.181972191021362 19.937844847380585 3.5007320302436296 1.0
17.09573002678635 19.716746726903764 6.411239676228594 -1.0
17.268371625653003 19.970359503061104 9.3917879769754 1.0
17.25961142202287 19.82108090754241 12.01897490668478 -1.0
17.153498868823768 19.921984964663864 14.790581683145028 1.0
16.83057504341598 20.249124239537924 17.732629120994385 -1.0
17.075149985293752 19.966452353749023 20.46029571985493 1.0
20.055960668500223 0.13717653764436352 0.5234522140336592 -1.0
20.126289938659816 0.04799339055929164 3.3773706284078617 1.0
19.90152614604884 -0.008665340050754367 6.317777344938249 -1.0
19.78153389493736 -0.006675163634451309 9.183057440284488 1.0
20.092431652034854 0.1394456968089262 11.828593183817498 -1.0
19.88856308813533 -0.15530819180411726 14.552145173955614 1.0
19.714434544887816 0.08637395032426776 17.185360974069127 -1.0
19.877172225731545 0.24603583640434357 20.448463283078464 1.0
19.84802951904702 2.8570648008793156 0.38206302218346255 1.0
20.01551825841042 3.002528998388628 3.086243243364466 -1.0
20.15789410581145 2.940927448453924 6.307084359604528 1.0
19.960652935813098 2.9235755167676936 8.897010121910627 -1.0
19.962564175962232 2.8491311361243423 11.737756766030087 1.0
19.970652580235836 2.862493030897892 14.467850626075059 -1.0
20.115445431431322 3.085440790581795 17.30099846929186 1.0
19.879313040978193 2.9901514640347506 20.441499321084443 -1.0
20.010950220048908 5.781720514692184 0.3907864018946748 -1.0
19.900230406692152 5.986626377929609 3.2715025852844724 1.0
19.972652513747942 5.691515597756961 6.160760297071653 -1.0
20.008091267963874 5.684218591085209 9.25479913002487 1.0
19.88873662682144 5.792192089439825 12.163403248715767 -1.0
19.74639936149925 6.066025867547815 14.843955608267894 1.0
19.68449837354466 5.958419359961688 17.424074551982834 -1.0
19.690137086391218 5.691744093606835 20.37665760773615 1.0
19.95623768119224 8.445357848409351 0.5559320478309769 1.0
20.035951566368364 8.725683192447514 3.288407555244237 -1.0
19.918110000093236 8.669153879423686 6.057486385884939 1.0
19.999624213743072 8.478265445197056 9.088314141965757 -1.0
19.595949025020428 8.704716258313455 11.957798061464572 1.0
19.768037235066352 8.649924563975008 14.707835594157906 -1.0
19.775771344809687 8.599939832988575 17.602643067366603 1.0
19.75295990660786 8.45332082754678 20.39438337478701 -1.0
20.028344211699057 11.497965102150316 0.5085750908306192 -1.0
19.912914468206633 11.325481864281006 3.3515009141897023 1.0
20.070116816356897 11.536483684829934 6.227466603761986 -1.0
19.818987344632106 11.607839956964185 9.090369494498729 1.0
19.84064173259942 11.497862224508086 11.969844618092585 -1.0
19.875368066622038 11.647630331672762 14.719308402794235 1.0
19.828887958229124 11.362921599348812 17.613845658211535 -1.0
19.838078364229776 11.51060844535603 20.442420362309523 1.0
19.847501980979267 14.216840518023474 0.399107974508908 1.0
19.900360844362943 13.99779671746219 3.1828224942222616 -1.0
19.869828217857204 14.309799954470106 6.237837917433825 1.0
19.90639916001794 14.273115131452531 9.05359242737584 -1.0
19.835323591896124 14.291531920682418 11.878072539943764 1.0
19.755627185524688 14.518117918497733 14.619843061336157 -1.0
19.673653769780106 14.279238160242828 17.572448182256345 1.0
19.89633476025646 14.462884969912905 20.355210904510944 -1.0
19.845429002003243 17.175212970337984 0.3539030619574438 -1.0
19.938505342386197 16.98896027287162 3.555099625389083 1.0
19.766416131883062 16.941719220328867 6.038018092257333 -1.0
19.922138265382785 16.996573449997484 9.038768312851994 1.0
19.81962418005462 17.0823341920603 11.686922695181066 -1.0
19.963370298976553 17.44276729092154 14.965945858875413 1.0
19.753570625246628 17.322256584381094 17.610375239003762 -1.0
19.959826663671212 16.95452014142972 20.32371007594197 1.0
19.81904567450833 19.91079622280339 0.6299368600717281 1.0
19.952576295616495 19.91480270309336 3.496057204525373 -1.0
20.06540139182083 19.7391400130178 6.339196437570184 1.0
20.08423614818748 19.993436581543182 9.315791835863521 -1.0
20.137704553575333 19.886881760881742 11.835836869354525 1.0
19.743919217378714 19.874335695561044 14.637102804403165 -1.0
19.639803130631083 20.1863355165577 17.596913547956746 1.0
19.883024355280995 20.30530252925407 20.165946192212665 -1.0
