512
22.728
0.2723474141008696 -0.3286218502855043 0.20546553675243961 1.0
0.28681594408122413 -0.47778455527296515 2.828767484063605 -1.0
0.3056257103672916 -0.017509468286061036 5.837557481800783 1.0
0.3796354760306665 -0.03582891227635088 8.551276671474898 -1.0
0.13581982024244044 -0.37714782692039606 11.492692341424547 1.0
0.16775135239804992 -0.33867358881586895 14.182959306731911 -1.0
0.2927343933253102 -0.22857317029484747 17.15950279095502 1.0
0.06536164569392588 -0.11088170879922288 19.852887723606262 -1.0
0.36833914604927803 2.507402357945985 0.20877935058615946 -1.0
0.39635635369084044 2.50181418565695 2.9279354317797557 1.0
0.3450230507292753 2.751295328704023 5.634250859861869 -1.0
0.33169982757791056 2.6984361448672685 8.721851902540868 1.0
0.4553946459740175 2.5615686327963583 11.350482545900244 -1.0
0.3272612456352382 2.5089877977992447 14.185594966301199 1.0
0.15922991374593706 2.3915396324718134 17.197137218263236 -1.0
0.21956364654118704 2.647299565057701 20.23293048872388 1.0
0.2669316267091045 5.528742516808969 -0.18288230809994133 1.0
0.13488205202976922 5.407258247161804 2.8833668084007185 -1.0
0.17191312476792536 5.360804949611965 5.77092572178115 1.0
0.3564093848969044 5.404390648467973 8.50020858843144 -1.0
0.35446577681395086 5.397088397296457 11.332421989556527 1.0
0.2677463006038156 5.37842069373259 14.202833617225334 -1.0
0.26287155020539144 5.245369616627462 17.04219862788993 1.0
0.1422556936322682 5.24541197536341 20.035490192887668 -1.0
0.27936302196913737 8.374769020764107 0.09904762490458567 -1.0
0.04674716835811303 8.26254896881967 2.7012929112263278 1.0
0.3610044229594198 8.616139009336477 5.5533822608351615 -1.0
0.449686394005267 8.308872427022603 8.570728634664356 1.0
0.3604369697745879 8.101062021335473 11.268493066550183 -1.0
0.393765020012652 8.09204297544858 14.239200525501087 1.0
0.20079514065659232 8.230114380345748 17.091614860965112 -1.0
0.22404671149797434 8.358080037201978 19.854601786423718 1.0
0.21805243485795167 11.198471181135526 -0.031681292731001065 1.0
0.26508164853401633 11.116682307501787 2.6787498630126563 -1.0
0.22557430694489997 11.234051290463555 5.539324206552619 1.0
0.3172256753505656 11.082765110871913 8.29768502026492 -1.0
0.31625373086219044 11.154642147109591 11.23438345646959 1.0
0.3856260173639512 11.13629152297482 14.26845349940418 -1.0
0.566498463791843 11.21758356679145 17.12571389873899 1.0
0.061427078168099045 11.258842227800441 20.041547466807984 -1.0
-0.13335097746556102 13.87057536968676 0.2048698870775496 -1.0
0.26782741822024503 13.968444165835248 2.820426261807919 1.0
0.4034876711108026 13.98621919816748 5.46432209732244 -1.0
0.36369990114619666 13.948607134859003 8.088219015970294 1.0
0.4256182413707475 13.740990952029469 11.281908361580559 -1.0
0.5371100862311206 13.794222438236485 14.178961351299865 1.0
0.5446211050466114 14.013870158951823 16.77710187651549 -1.0
0.2784384282938412 14.000458751652513 19.94337570213584 1.0
0.3476745588567984 16.564827330859387 -0.19860123594136425 1.0
0.31934677299735065 16.88048080063548 2.917524708528945 -1.0
0.31628484931679957 16.87303896301253 5.875073454406475 1.0
0.2808975517800169 16.729038248845292 8.489618511642071 -1.0
0.1514405648353095 16.79137532966543 11.425279463935844 1.0
0.5128887363939468 16.624201333376064 14.173628275059743 -1.0
0.3900158174226575 16.729053143682137 16.933726446014877 1.0
0.4057222109738715 16.71509089215768 19.791358088374615 -1.0
0.13041673226472308 19.70007076096066 -0.20209879593065594 -1.0
0.366129713011928 19.4739762860636 2.871823261161596 1.0
0.2793460500845273 19.642575842345217 5.915922084023567 -1.0
0.3935936717271598 19.646518032029853 8.618884834846387 1.0
0.11340537493865721 19.533762521222364 11.45187027562996 -1.0
0.36777214504818784 19.599747647763962 14.304804074920591 1.0
0.232423865056917 19.63631075524191 17.12503962782578 -1.0
0.20581518324397008 19.443530580570766 19.908018446407674 1.0
3.043057434618967 -0.31281234574487726 -0.1797414669924997 -1.0
3.1556030169523686 -0.3420170194590213 2.8826709768510566 1.0
3.0754430471928824 -0.25061852264380136 5.6376368555336285 -1.0
3.156296620775665 -0.4534539302262388 8.701816361424774 1.0
3.239117422467263 -0.5332087269796268 11.287831355400751 -1.0
3.21719833959238 -0.4885868743801609 14.015383653821472 1.0
3.0663111016713365 -0.50819771784953 16.765375058888377 -1.0
2.943874642347039 -0.3947513450072542 19.963639156565492 1.0
3.024863271205408 2.5552857327283003 0.048396906504452976 1.0
3.150096200472746 2.3835274653031693 2.7718330582662265 -1.0
3.1846016942781237 2.699152517252564 5.9369199465696845 1.0
3.1742781095680197 2.415565261670165 8.641463819503068 -1.0
3.120636318978155 2.410066537485407 11.460741528960481 1.0
3.1482239365659392 2.210566471666589 14.275959057553363 -1.0
3.003744244665893 2.33803702473541 17.14024258460558 1.0
2.9963528306836213 2.917531031879751 19.982336696549094 -1.0
3.2600975329199424 5.50706270916471 0.01003008569745134 -1.0
2.922951382147719 5.244352078815619 2.8078448371908076 1.0
2.9719241757081627 5.368360179625233 5.691598795249492 -1.0
3.2571395059859416 5.123650957620859 8.676752323482285 1.0
3.1707092969514568 5.378936911981303 11.505345619946475 -1.0
3.014997461423738 5.103452026629064 14.281850824214246 1.0
2.93386372110624 5.244917341054146 16.88508237088599 -1.0
2.9944679548113955 5.523888464138102 19.862702423506114 1.0
3.214555654045352 8.294600159281279 0.2246725240607801 1.0
3.2266504855807217 8.437026604333543 2.9654864814417627 -1.0
3.059178067227358 8.310406644995531 5.713426962715579 1.0
2.998454139426101 7.956462372583438 8.437190826526995 -1.0
3.029751141896946 8.195514455542925 11.456303180923614 1.0
3.2951450467545227 8.042540518135862 14.13741556026782 -1.0
3.139934585660477 8.08755925357507 16.963205602962024 1.0
3.163639580091923 8.636124228736309 19.806139201694656 -1.0
3.1574099408959264 11.133711605767289 -0.09972557090767964 -1.0
2.8182697497519396 11.171217458099255 3.0678421438938765 1.0
3.1166271185250913 11.329607846386978 5.648373291722534 -1.0
3.191181282978827 10.964624203611656 8.508551920585491 1.0
3.151725563749013 10.948570888469535 11.461882336031008 -1.0
3.2505108935051887 10.943354477821027 14.275496853002377 1.0
3.120112433831586 11.142137619339271 17.026626360217477 -1.0
3.287188213015982 11.352945291165401 19.72926185640374 1.0
2.9069249305377682 13.604604626489605 0.09793878593729984 1.0
2.953801561082308 13.995671869783653 2.8498054081847166 -1.0
3.276329974937891 13.966423205019025 5.532765359232956 1.0
3.1376707080163615 13.986406784611278 8.462705847708149 -1.0
3.184508486223497 13.729634329503691 11.183742743489411 1.0
3.4287094930061346 13.801567044085902 14.240726229932752 -1.0
3.2732658656701874 14.032892938507665 16.910729974991817 1.0
2.8801386035449394 13.980364011713698 19.808898601142786 -1.0
3.073287329534074 16.48117968316914 -0.08962710792921058 -1.0
3.290821781789108 16.82297793820361 2.8675088795315915 1.0
3.346722134494713 16.671942700682866 5.782311831342783 -1.0
2.9647028123665833 16.782092383739258 8.530567460376835 1.0
3.1315067515389226 16.885990096361095 11.383473942429523 -1.0
3.092188398305942 16.625264221932497 14.189889353619733 1.0
3.335552573286991 16.773218078077775 17.039198210733772 -1.0
3.15557669783472 16.733497129534026 19.920627921540454 1.0
3.273934445148507 19.619517455492897 0.018496838605641604 1.0
3.2537451153040826 19.56740134087128 2.7488597490175475 -1.0
2.9618141724376037 19.82972018882031 5.53555750985109 1.0
3.2238788976233845 19.394853181146004 8.444764719412557 -1.0
3.377460744221577 19.551844530809245 11.362280690894487 1.0
3.0290600059862824 19.572390338304373 14.302095684382587 -1.0
3.352701289705516 19.547154434550205 16.831099556445785 1.0
2.960769646635956 19.47818762547785 19.855061899072567 -1.0
5.91441099225719 -0.2155488967414172 -0.05328528148332978 1.0
5.797768364794253 -0.2456526001490431 2.8323408707622257 -1.0
5.844963860800514 -0.45414140492262334 5.562933602155448 1.0
5.883668448344483 -0.5436223353648835 8.496957985079462 -1.0
5.882973595630968 -0.4451647009738444 11.498130582203045 1.0
5.921660001732529 -0.44768356771373874 14.220996681656619 -1.0
5.897990212593001 -0.29933447278153835 17.185583463113435 1.0
5.926501490992844 -0.30471205054413275 19.643883847176856 -1.0
5.87578982442268 2.49053829549597 -0.030943695762960743 -1.0
5.867856273497506 2.522164223445747 2.855416299271275 1.0
5.880095424954293 2.3570548038606693 5.815826124377555 -1.0
5.854972507037759 2.3492391456111235 8.591427309400045 1.0
5.806231299646797 2.3381755100918102 11.496713808161218 -1.0
5.802016411631974 2.325938734011103 14.37939834331031 1.0
6.096681432493338 2.5014285504108127 17.21526795948937 -1.0
6.132850680152183 2.5028417815731046 20.07111380960375 1.0
5.986252745938943 5.4448793947351195 0.10116687436296685 1.0
5.854813797513831 5.1386430915552 2.805271716107887 -1.0
5.8549579068802835 5.486891987535092 5.651584691293161 1.0
5.778647259714079 5.266345243097488 8.54291846854989 -1.0
6.095660987698271 5.514734871497477 11.521749279407569 1.0
6.065671537513216 5.218091609547968 14.294643210582255 -1.0
5.776924573271603 5.222488265050128 17.198311722834568 1.0
5.758773797993355 5.416793529880406 20.120084012486874 -1.0
5.923390030471819 8.233956811762665 0.1963502601995339 -1.0
6.037658636621893 8.05875942293514 2.80850756676957 1.0
6.0921401826256965 8.129785970088367 5.864306838640611 -1.0
5.733100106104375 8.18330893191321 8.53077911143726 1.0
5.994328351042526 8.337991866800794 11.410558145652397 -1.0
5.970352121527332 8.26906910725719 14.087766299716407 1.0
5.886249814701566 7.973001121077787 17.277568595120755 -1.0
6.108136101933564 8.262655202323767 19.927206455523127 1.0
6.012652615278017 11.272520045294558 0.14798286340936923 1.0
5.904240445285155 11.263479647674671 2.7473863999734234 -1.0
6.00289219116056 10.858179832369375 5.6788735460255975 1.0
5.793881087063348 11.047361070829051 8.573688154956757 -1.0
5.971466641352723 11.02923850855964 11.634854989294894 1.0
6.056379030491819 11.053096951835357 14.361584524097816 -1.0
5.773402661001143 11.218285965621925 17.175067858740505 1.0
6.056387916616034 11.270803202549924 19.778794382144717 -1.0
6.088731889224755 13.979210738188595 -0.08770227327763891 -1.0
6.086710728746938 13.870170209853859 2.9490626226578263 1.0
5.954723982187875 13.697392512972039 5.691427451547849 -1.0
5.986522487770703 14.141042321860217 8.590953122650461 1.0
5.979506941580518 14.002149649756937 11.433603182425678 -1.0
6.06763766440167 13.939589888457748 14.227470871485458 1.0
5.860564015708021 13.958886258893916 17.127434530921178 -1.0
6.158706194152578 13.752599132789722 19.943202560727862 1.0
5.751125903129343 16.590922575421263 -0.00946492853386971 1.0
5.867450671208678 16.73555178981749 2.574265167022183 -1.0
5.9873459204038 16.624771846142238 5.935376528356051 1.0
6.129695892761228 16.73068375313724 8.616523167646145 -1.0
5.997893840313308 16.716801938707967 11.405109774752598 1.0
5.971741863507416 16.732449268460844 14.26199126025486 -1.0
5.930762900208156 16.804705898723714 16.90377852951802 1.0
5.912242179968117 16.743504259339424 19.930009919714866 -1.0
5.99531614187873 19.39913311334198 -0.1780274161817026 -1.0
6.0161491056599425 19.469106579671227 2.999662271472749 1.0
5.817469854002628 19.376509459076573 5.409853768262736 -1.0
6.0554977124950105 19.44791373410542 8.393204452948298 1.0
6.03326393162266 19.60239800233059 11.424621822754764 -1.0
6.015530903240195 19.561587770461372 14.202804742490441 1.0
5.974697507299927 19.755463809231927 16.939791307326292 -1.0
5.978423528856625 19.688513518336546 19.709640788125036 1.0
8.629135164008678 -0.37044521859069235 0.06273907293346866 -1.0
8.784116242717408 -0.4727966645156876 2.987408218073761 1.0
8.781592123543765 -0.43896485867556123 5.6628828943732525 -1.0
8.699108927634278 -0.06291875063678276 8.422968452078992 1.0
8.513984694528146 -0.3028130748082454 11.589030718181734 -1.0
8.825134164968553 -0.4580373815482446 14.379459777718349 1.0
8.8013196777224 -0.04604009677499121 17.07534120852169 -1.0
8.768250684272953 -0.3730354881055149 20.024510021088126 1.0
8.658641408788045 2.446986234739469 0.3908019492915955 1.0
8.740183146610349 2.4905003274746838 3.0890336418530855 -1.0
8.575274007360914 2.395094986671655 5.775806179525178 1.0
8.553728168016733 2.5180267482539915 8.54295342946203 -1.0
8.607934215289886 2.418819974141061 11.686032423483118 1.0
9.016263561577405 2.597820978389416 14.448097652854932 -1.0
9.010222475397443 2.6383331621069313 17.120314006400225 1.0
8.785030187744235 2.5268183006993126 20.07860336811442 -1.0
8.896032105703757 5.384928746865598 0.09127110153447404 -1.0
8.914990332162866 5.424998594310724 3.0669595819513122 1.0
8.998337893956807 5.471448822257879 5.653923118441304 -1.0
8.74543301124622 5.168891085771917 8.541352790484227 1.0
8.751993620396826 5.435008400382316 11.434302382083182 -1.0
8.739807326625996 5.330832206511309 14.311401802496652 1.0
8.846538812452435 5.538350374252438 17.32274741654129 -1.0
8.75225728823886 5.534325490416757 20.05362485011435 1.0
8.855208936899801 8.333264832739331 0.0458747777655546 1.0
8.715865033686756 8.17563779857316 2.780314048756712 -1.0
8.85862689563496 8.154281982135334 5.670104278007129 1.0
8.459752419114853 8.153316820859358 8.571040063583295 -1.0
8.616864342741842 8.188929885154545 11.048296557160027 1.0
8.927202143091808 8.3223685101887 14.344125457596446 -1.0
8.605324875401775 8.22977305240908 17.182649407578346 1.0
8.907359644802206 8.425404553241762 20.166332464609308 -1.0
8.877759823729047 11.181744861969287 0.3084302691052242 -1.0
8.758783899426026 10.963664337640969 3.0697680279429957 1.0
8.821131767272897 10.958904632892411 5.705942565022444 -1.0
8.56557711738811 11.051234608096944 8.52772820437331 1.0
8.6918120697541 10.993444714337652 11.307593054191093 -1.0
8.661409402872556 11.064197759320171 14.19943016416746 1.0
8.504242468611922 11.129568311481556 17.32283549084841 -1.0
8.95840068768364 11.18896219436991 20.036391038156484 1.0
8.996897548421472 13.789471013125064 0.04501233575273389 1.0
8.875936421833394 13.808338059003914 3.0325136770547267 -1.0
8.915367795552704 13.731533556134785 5.735554316893197 1.0
8.869842555218897 14.023074192110682 8.6004262990499 -1.0
8.700420380396872 14.08712477148818 11.27421065356199 1.0
8.759216372425493 13.706279431891069 14.067430423798939 -1.0
8.756701185468716 13.769320742925526 17.03430707312191 1.0
8.971582538978033 13.9913344767798 19.969478955481815 -1.0
8.820480978089874 16.763164027624395 -0.07310548406610096 -1.0
8.87486529518577 16.57511581759626 2.9162971104755395 1.0
8.829685192456438 16.69108774183352 5.850735536379382 -1.0
8.926298929510873 16.741813532823063 8.64139868948116 1.0
8.830745437166234 16.798499903231615 11.336883203132848 -1.0
8.950375994897165 16.520298313271052 14.231499750329604 1.0
8.78731906644914 16.779659680167867 17.068170143619042 -1.0
8.81941819064443 16.665299384133334 20.011632182544933 1.0
8.851441240418286 19.44821597509777 0.19892830186281293 1.0
8.790955845297797 19.77060660321657 2.9827626293297094 -1.0
8.765782652956599 19.55538938918433 5.790470313874552 1.0
8.782527795677945 19.67994107554991 8.45949599171229 -1.0
8.70782681164383 19.456348327891494 11.595484912136998 1.0
8.711213642437261 19.57221954946594 14.35242535712652 -1.0
8.78271044498472 19.611513626241738 17.079523572036244 1.0
8.885417299390134 19.754218896153933 19.758302275967857 -1.0
11.538657449510463 -0.43024453387585027 0.09357188470722659 1.0
11.398528014647471 -0.38173520989235854 2.9742918927575057 -1.0
11.50198992090678 -0.37815981957091793 5.559972118342352 1.0
11.685778805045022 -0.20601404921251643 8.589203247886074 -1.0
11.491876989350054 -0.13800500189202936 11.445851355984715 1.0
11.562989585359468 -0.22964393346903478 14.352572094230776 -1.0
11.448073246882016 -0.10292597567534756 17.152547349827035 1.0
11.559866260037547 -0.19644816051231118 20.01302250748507 -1.0
11.577312188186204 2.4567786330182733 0.09943213734588723 -1.0
11.728325278607468 2.411465792996969 2.9607669491190225 1.0
11.701366031930808 2.5874282326411002 5.664130482271353 -1.0
11.407910696782775 2.8242530732535975 8.644347269399246 1.0
11.479835182667873 2.6113805234285876 11.48020530192261 -1.0
11.722250325521497 2.580470744046407 14.22707155227923 1.0
11.74065443646454 2.641362846770161 17.140270789837903 -1.0
11.514567376547989 2.466183278919799 20.065076540672685 1.0
11.587912571573904 5.560958048478424 -0.0560076012493802 1.0
11.70267279243761 5.3223862824759 2.705937071045013 -1.0
11.926507987178816 5.457300000137692 5.743698126137918 1.0
11.397136556694624 5.533418115628937 8.532322016994824 -1.0
11.57654468080822 5.263769442122256 11.597207705940809 1.0
11.570019789682801 5.515381645361668 14.379193105723342 -1.0
11.556628443328584 5.611116957842698 17.092096480008177 1.0
11.495865416187101 5.671310856496821 19.94730677195597 -1.0
11.63501072062159 8.251349041383323 0.1398419259489741 -1.0
11.442020478055715 8.197635329599935 2.8321182235092075 1.0
11.684978209364639 8.3055612130541 5.541099598448171 -1.0
11.581619420713896 8.223914763288509 8.417935538803071 1.0
11.4205874159969 8.219197573071062 11.171252575915364 -1.0
11.433574943256657 8.16885885074703 14.199315672130874 1.0
11.57705878561485 8.570036886791875 17.04292244706058 -1.0
11.649255681625341 8.279655945995636 19.875780810279398 1.0
11.740436452712913 11.033444646577646 0.16667222114378855 1.0
11.510211310781546 10.909409581627212 2.982171306385569 -1.0
11.643554705763657 11.17087649114944 5.83166135508462 1.0
11.52199906979111 10.880004916196409 8.618649432797463 -1.0
11.427054369675886 10.848174626197839 11.359794414909175 1.0
11.564048240484142 11.009192701162792 14.030616157954716 -1.0
11.553425104943805 11.150834801596178 17.481017114194668 1.0
11.667083402221392 11.17182948867999 20.14559693074439 -1.0
11.582714231940097 13.923079681585131 0.24909491984480134 -1.0
11.612140712765438 13.648532473252754 2.985724214044822 1.0
11.684363131553479 13.876071108027245 5.875297482629068 -1.0
11.730490624924933 13.84200828261353 8.601868707813894 1.0
11.490147393610357 14.09185595805012 11.502240203300083 -1.0
11.531874217071648 13.6632271761141 14.11964436702749 1.0
11.505014966750142 13.984498038134346 17.342818163040725 -1.0
11.655848281943113 14.03672362787786 20.090079710507315 1.0
11.489391614400976 16.954177599158832 0.2527466113006453 1.0
11.561893023619346 16.833692631084674 2.9080229192282085 -1.0
11.673391413405655 16.8655076585098 5.674851946134217 1.0
11.699087890957848 16.752195974374548 8.678837911349714 -1.0
11.721735954069581 16.806003769262205 11.334591047977225 1.0
11.48662506547609 16.758545314076393 14.199268336398838 -1.0
11.67249397596197 16.6543058194864 16.94856503008191 1.0
11.824248725708003 16.76106723444951 19.735089907902218 -1.0
11.522548004604719 19.6668311207287 0.02614362537817409 -1.0
11.81762411737809 19.670342648965153 3.003763912814565 1.0
11.699194920587406 19.520969827154637 5.786579947614248 -1.0
11.618247418441028 19.680094898279386 8.467288041404391 1.0
11.447470024743069 19.753000174433005 11.396154399333417 -1.0
11.508317623439806 19.494473888808454 14.2806148904671 1.0
11.65443309340807 19.63670165107652 16.917558402614947 -1.0
11.64102430495603 19.457953169835072 19.540669571511422 1.0
14.537610292637133 -0.24268249916539375 0.0840501450113564 -1.0
14.613949423023474 -0.2627157006607881 2.8276345001875525 1.0
14.468674796040878 -0.1425538583840904 5.501468604008151 -1.0
14.224648327282273 -0.3433417647320063 8.709534207816628 1.0
14.37645717690722 -0.08908652552106844 11.537960463991698 -1.0
14.074203513694568 -0.28567887355173127 14.455970511518082 1.0
14.44810412833414 -0.20793625122558979 17.235296332123728 -1.0
14.440618475357999 -0.09361460854659498 19.95194125127583 1.0
14.553411954781085 2.5148268911374876 0.1899276803754168 1.0
14.488728846748094 2.451362694274015 3.109538553279769 -1.0
14.493461439631359 2.564731243158396 5.9204628523947465 1.0
14.30901326473858 2.700288930776458 8.569125281983112 -1.0
14.303991523046447 2.7159954874191587 11.329221781371391 1.0
14.512437025930161 2.5179609401867795 14.342156221014227 -1.0
14.564270317351237 2.734624216044838 17.132726793251628 1.0
14.465578827960382 2.839347740227769 20.159346966630608 -1.0
14.450026398264463 5.449012220726282 -0.0310077154227848 -1.0
14.443839267693768 5.4192873017266665 2.6587057373236394 1.0
14.519347871096505 5.625021517439898 5.935604312150802 -1.0
14.6469256006324 5.50152638411744 8.534450523520485 1.0
14.268035236740763 5.37339674798586 11.47751341530427 -1.0
14.360804450506983 5.45752351597854 14.122520533012166 1.0
14.48069921214981 5.503724448009063 16.976497954405367 -1.0
14.436111388984889 5.327637003831702 19.865832388557955 1.0
14.689292889418299 8.052547145742274 -0.020593421944763435 1.0
14.489392452072424 8.209973316962119 2.8603478452292666 -1.0
14.530874588320014 8.241452731129135 5.473485413670321 1.0
14.589346253605305 8.216480819521143 8.614048444436825 -1.0
14.354802483956275 8.198968316353072 11.327945176007344 1.0
14.326495916731464 8.241335481915605 14.10564069042383 -1.0
14.641668722359672 8.080301832950857 16.885031068562803 1.0
14.525432129900922 7.919107475250108 19.765014324858733 -1.0
14.519862755930511 10.823780274428236 0.11506726973650583 -1.0
14.284244801405915 10.800192590996405 2.807712268415179 1.0
14.58459844216828 11.179885354538927 5.621904923222665 -1.0
14.48266864065243 10.700317888815492 8.537813444425451 1.0
14.685688354741393 11.03100608981489 11.39406385681448 -1.0
14.268824200278678 10.893850789339682 14.193430251098945 1.0
14.533746454610343 11.276865190998317 16.98192244661761 -1.0
14.431032721159072 11.187083646261089 19.931452884668794 1.0
14.371137221437001 13.75869941359525 0.0031419241472777117 1.0
14.351127095525133 13.908584438121618 2.9924789523373594 -1.0
14.611441214080205 13.91511661809942 5.744909301815818 1.0
14.554274216869969 14.008321039947923 8.42611310305036 -1.0
14.259757568973768 13.622121028750351 11.232047074186728 1.0
14.262713182765491 13.848075467841443 14.215712827948138 -1.0
14.455059109230985 14.008472610344924 16.905674552166573 1.0
14.470343313756553 13.686017305017229 20.014880606507912 -1.0
14.493048247108382 16.810607229981414 0.14956576039559 -1.0
14.506196386964472 16.919505356460053 2.8060282342685183 1.0
14.469344162302415 16.993999931259435 5.7834720719394115 -1.0
14.756688067190794 16.823220881212148 8.568019202912453 1.0
14.371039423252379 17.069980021764774 11.385297795662767 -1.0
14.410844941718112 16.764295457986933 14.165716901113585 1.0
14.509588238022728 16.78287132336273 16.91557281147638 -1.0
14.335109112311915 16.968621082248735 19.874319958494187 1.0
14.403636801671762 19.59717161140145 -0.20888745114678997 1.0
14.52249562565909 19.5696640001731 2.902022008819929 -1.0
14.479256398269438 19.737032569312724 5.705411654544536 1.0
14.703505389246413 19.62883366826354 8.523615148747943 -1.0
14.630653059192701 19.68114316320645 11.335017860084244 1.0
14.493213943403612 19.71915427018153 14.15606277174842 -1.0
14.403822326281658 19.675186001282047 16.951370569641792 1.0
14.383125987272772 19.601400564202613 19.976267834073248 -1.0
17.41883986728206 -0.29564537545981295 0.19907838253894572 1.0
17.317897615942346 -0.17336909838357428 2.8446691406231075 -1.0
17.596187180047135 -0.23823406471352726 5.729042063179149 1.0
17.13951475359777 -0.10962359298496338 8.653667970078764 -1.0
16.927220982293953 -0.33105721790217757 11.30626246195181 1.0
17.388315066860663 -0.2555656443779526 14.410571529640569 -1.0
17.068473347242925 -0.2259374289560654 17.06516097165962 1.0
17.362322321683862 -0.19534238075289068 19.999793898368402 -1.0
17.41234506335859 2.489721745296818 0.17464088367795855 -1.0
17.188054878290735 2.489276969653703 2.9079468317788444 1.0
17.491146643926943 2.842049482223647 5.866247009095386 -1.0
17.202331299932908 2.7806498743860297 8.590649833011373 1.0
17.25825080569356 2.6930029762704386 11.31947734250374 -1.0
17.31472619359398 2.575383866978576 14.278350465585563 1.0
17.38205397148775 2.4203416967674274 17.205569223311546 -1.0
17.315745403592704 2.7132048421152746 19.814125857257242 1.0
17.420391105184137 5.4047766468345815 -0.10499617934689454 1.0
17.213955298205956 5.291983413178392 2.749857896230708 -1.0
17.379364458713656 5.505039367994839 5.403353344563546 1.0
17.52115547630948 5.51150964690575 8.763191286185187 -1.0
17.231660480710318 5.447263224283827 11.40595304704674 1.0
17.211275270706107 5.572441091417882 14.254758686399809 -1.0
17.437080200301484 5.651776741950783 17.148657059063726 1.0
17.46082427369999 5.383111207026802 19.712314022764726 -1.0
17.37503070216911 8.240318700644675 -0.008334580544911319 -1.0
17.15612642977525 8.374479769323761 2.7884263448563047 1.0
17.300413457267993 8.18921395584397 5.547373259407596 -1.0
17.644468336917214 8.308385720825754 8.566058976778848 1.0
17.26661615604132 8.167922898050158 11.290912751671003 -1.0
17.497106891800502 8.37794877548749 14.061841343276539 1.0
17.520003121409363 8.478375737136131 16.849966312765297 -1.0
17.397954235530815 8.326018294464388 19.723194450413608 1.0
17.457929184023502 10.874772779043159 0.03046395825519123 1.0
17.14480036826499 11.095286916338162 2.9155348496489975 -1.0
17.264555132641537 10.960471361416708 5.574486418258249 1.0
17.5587403983635 10.973426253242579 8.326599238239307 -1.0
17.240481193201436 11.23584938786762 11.012124140140521 1.0
17.494318607429268 11.348925830015162 14.237579186401943 -1.0
17.238243683714263 11.395414130738432 16.783028104717786 1.0
17.172543008039646 11.084134636377492 19.973536486361287 -1.0
17.121656804691003 13.945995789883694 -0.06927070025367144 -1.0
17.175131464297092 13.686716564137251 3.129612995807932 1.0
17.523806692730602 14.033327989376359 5.7504493550404625 -1.0
17.296436163483282 14.036937847447271 8.488535303633073 1.0
17.415409405895062 13.864070733737517 11.354180315200152 -1.0
17.141336302447048 14.086646804528632 13.945643888662843 1.0
17.114244011039855 13.94221200071721 17.047663691621185 -1.0
17.036164775985963 13.9865028788836 19.77631149764469 1.0
17.146914165303418 16.65847208152335 0.2460455334570606 1.0
17.429006619549444 16.798296064123317 2.876633646032168 -1.0
17.487449690125914 16.86998270872796 5.658992051978666 1.0
17.29468209949491 16.709381202247332 8.364112751630092 -1.0
17.197063920051185 16.86973676244009 11.420440876968682 1.0
17.02734668562226 16.68821228306304 14.25874464026225 -1.0
17.200300055914035 17.195880772078144 16.972506932585492 1.0
17.037128322761045 16.791756943872073 19.893203260413113 -1.0
17.246735573033803 19.435928669741887 0.37777408244638844 -1.0
17.284702958169245 19.503837313029244 2.932192628653791 1.0
17.322127606175027 19.703158398532363 5.715793955327494 -1.0
17.375963679576184 19.458376775504757 8.452849121695925 1.0
17.29488773293876 19.63729993258098 11.397450888515055 -1.0
17.377164894457977 19.71570882969087 14.402141597751488 1.0
17.094881852109605 19.850597614901524 17.208596864766122 -1.0
17.10338314064239 19.90828160660523 19.987904028784193 1.0
19.955448788268853 -0.2979201080939795 0.215049323317059 -1.0
20.184588964500854 -0.24494438584521916 2.790711405959571 1.0
20.272020807496293 -0.20988480232143658 5.694768192606984 -1.0
19.843009459514548 -0.30871176399278255 8.659176899057375 1.0
19.91885447464098 -0.3287797029511452 11.41512600841717 -1.0
19.97953869833473 -0.1704164657826297 14.227636159414155 1.0
20.178435381296534 -0.3723865690027175 17.027859729162127 -1.0
20.252827635965758 -0.2903978063684285 19.77925351542973 1.0
20.001640976112007 2.3563219244870033 0.010982580785111006 1.0
20.226335436550677 2.4659790625215345 2.9414131851898944 -1.0
20.170342787880912 2.53527269126829 5.792768008329478 1.0
20.215587684510357 2.793129979481583 8.536815554767463 -1.0
20.27996900881883 2.465176885076512 11.279773011382604 1.0
20.117842164181127 2.4430306570809583 14.152926880180777 -1.0
20.33577679257204 2.4149520969620135 17.083221938091096 1.0
20.12084629366549 2.7771595103515723 20.07915712776058 -1.0
20.141330489334024 5.549602457466209 0.07947240849504147 -1.0
20.18104156409353 5.3270852311007 2.7293547011946493 1.0
20.192664969055627 5.530524549953093 5.590876825461208 -1.0
20.385397271880436 5.504125241868223 8.47497094853687 1.0
20.41489644066684 5.319202870504705 11.451703709905642 -1.0
20.052084656234005 5.251681648706879 14.235522775253276 1.0
20.37527682510609 5.2664031877489075 17.005230889401393 -1.0
20.158280319152503 5.484805371361226 19.72868352103648 1.0
20.031447032122013 8.309597250568395 -0.05375942868509043 1.0
19.940658452575178 8.078311729918202 2.7525372554729275 -1.0
20.16416936225601 8.201710957900746 5.404431678182566 1.0
20.28876807237223 8.252645337496196 8.37812940862824 -1.0
20.5608486550266 8.28822523751418 11.48502522328425 1.0
20.306891319701055 8.23270844418028 14.22366104034835 -1.0
20.318677823718275 8.371629174806793 17.035566665967444 1.0
20.245202335221823 8.326398974871072 20.07618719441602 -1.0
19.992426448929688 10.996523747671077 0.06455286723942619 -1.0
20.162423768673367 11.042080796393202 2.8063134290139753 1.0
20.152855669334617 10.947051458943244 5.430389095531579 -1.0
20.17392434413736 11.09143110700645 8.345054653200458 1.0
20.214255651071337 10.918619090783519 11.429110238018694 -1.0
20.158682933222376 11.090074806166124 14.369201918289585 1.0
20.223189440820303 11.180004418352844 16.874947645019887 -1.0
20.14783646905256 11.266273245820406 19.807445096518155 1.0
19.913841978039134 13.920898298279807 -0.002570916588844341 1.0
20.14229229702496 13.948538574972684 2.8815283534741485 -1.0
20.05553816497351 13.88759022820697 5.722839884105327 1.0
20.334356039584613 13.870774623194263 8.828659726403027 -1.0
20.123182128697184 13.813170843829457 11.440755300186158 1.0
20.142462568860527 14.039748182184388 14.07974887999912 -1.0
19.805064067558426 13.965742235506573 17.014635558392285 1.0
19.92471909904443 13.97530851790309 19.74439277095699 -1.0
19.984290677081205 16.82819953265873 -0.06518819210180027 -1.0
20.3762473706335 16.643509696511366 2.782056557500519 1.0
20.15356991184628 16.647075245107555 5.94220727710087 -1.0
20.35363197818003 17.02844199225997 8.477897476808748 1.0
20.118551633639115 16.731354244081544 11.184080690512083 -1.0
20.184330088292924 16.646109534967398 14.235284327407758 1.0
20.05059532569622 16.97122066373155 16.83679019094429 -1.0
19.785693063935636 16.80384025548084 20.11481706880942 1.0
20.0065720657994 19.574227109323914 -0.051685904379755954 1.0
20.32998615027757 19.611759176935806 2.998399318076413 -1.0
20.200829324356082 19.997773783804796 5.738516516233627 1.0
20.237764261605143 19.602181390804727 8.579539691768872 -1.0
20.064527554717586 19.6415596016578 11.52227321347135 1.0
20.298545015494973 19.661156633799624 14.182101170094665 -1.0
20.287340836747646 19.727405498219905 17.22455498338839 1.0
19.890653641797783 19.724432822870163 19.998621421835722 -1.0
