512
22.728
0.2934621637849984 -0.06337059390094524 0.15938897887751619 1.0
0.40686368915219673 0.20107154807916852 2.992795943260629 -1.0
0.2637187230219564 0.003599761701684804 5.628694654150818 1.0
0.29418038234895044 -0.05684745674038183 8.5681696057584 -1.0
0.14975452208459117 0.163735876226072 11.570608009452895 1.0
0.21427530631400685 -0.01528109634891095 14.4817020439605 -1.0
0.1159107488144922 -0.15414325949141983 16.98739453723233 1.0
0.2745334559921133 0.08856230055529676 20.120913936697203 -1.0
0.2872317381001843 2.7514362324756716 0.17613091398275318 -1.0
0.33903137040740217 2.7773587699292523 2.918553173304945 1.0
0.25160700244856593 2.8097738297999175 5.630235626467782 -1.0
0.38417764813826005 2.659458574695209 8.527715895313738 1.0
0.4620655444773028 2.9060813244698434 11.431570354556206 -1.0
0.11517990551073187 2.9877360644602007 14.422338980149947 1.0
0.19118171362254183 2.696876280595729 17.002884930773483 -1.0
0.3155943798129381 2.6880588380861403 19.8850054494237 1.0
0.4537349566394217 5.442036992389921 0.07368007186702233 1.0
0.274912055908466 5.6466128546144425 2.7671354818541296 -1.0
0.33727790335611973 5.4895833357276365 5.65613759556183 1.0
0.39498380864208743 5.77643252487843 8.575492846998653 -1.0
0.2212153266517108 5.5039190124050075 11.33790794902482 1.0
0.4119283439200874 5.694771500512814 14.497952866846825 -1.0
0.3623605773010579 5.671947578922791 16.97850548177682 1.0
0.21336660409285643 5.647949714350363 20.026490359144066 -1.0
0.18324730808016995 8.36809842307721 -0.16345311187370726 -1.0
0.1774965186288097 8.472410296618406 2.861100109541445 1.0
0.18692338052897423 8.647882203702842 5.656716274261112 -1.0
0.34827244557167597 8.316260464141209 8.604974263800678 1.0
0.12197403201943777 8.2468937129185 11.534003863891366 -1.0
0.43436061594585035 8.419256074897563 14.427798246709497 1.0
0.423683157092403 8.585985134034948 17.307795069318907 -1.0
0.33521313319519697 8.265164645413213 19.839301372774585 1.0
0.29309306369087595 11.459943043064024 0.1117481499355874 1.0
0.3186681743996287 11.365677890339668 2.8894760669100457 -1.0
0.3771662500434311 11.397014757032291 5.654382037349845 1.0
0.43921926027133734 11.02887857220082 8.492764995772498 -1.0
0.12634806758535927 11.128716864117527 11.243116984542803 1.0
0.21733145109880556 11.19385108590511 14.482656775941622 -1.0
0.11995272485701518 11.212383086672514 17.304328825274467 1.0
0.2977388427526318 11.382657273219422 19.971140212590896 -1.0
0.08376230769429635 14.308477816614024 0.19966674740294665 -1.0
0.275904009705911 14.113794566719232 3.079174954427533 1.0
0.4685834055795806 14.01175329071514 6.033320104877784 -1.0
0.38921603739336663 13.875764060346842 8.574949247368949 1.0
0.3525726430972139 14.27063989962667 11.423655152938078 -1.0
0.3522658241062089 13.990545218599857 14.266867436869806 1.0
0.13782193376761986 14.174286071988554 17.241562776580846 -1.0
0.2469496351611383 14.499870292284484 20.13796563308301 1.0
0.08632939643040818 17.011995992149544 0.3858451604650993 1.0
0.2043869782754106 16.931600905893482 3.0937680206579627 -1.0
0.2181021141436828 16.8638257584096 5.88767858886097 1.0
-0.0329231882093346 16.870038065517736 8.515318131685826 -1.0
0.16283812286522314 17.082413938741173 11.164630605444666 1.0
0.1853384127843904 16.984859660049942 14.235559465441522 -1.0
-0.0067820445149067154 17.177304108486346 17.113729807978263 1.0
0.14434925235080434 17.04852373837843 19.90131392262581 -1.0
-0.03618873390205479 19.62909974397028 0.17378729964696799 -1.0
0.02960236291931939 20.125564829889676 2.961353491612639 1.0
-3.036429899531956e-5 19.854568808124316 5.629798528948766 -1.0
0.25203330376971605 20.08671056444078 8.464137070036662 1.0
0.3579019563088416 19.82598590272133 11.321180167315134 -1.0
0.2019037756327946 19.84202755086312 14.180256185899061 1.0
0.31855577411150726 19.799175204882417 17.20193599138522 -1.0
0.26995996363382435 19.86553967023041 20.04688526076864 1.0
3.12122683674155 -0.1847058940845976 0.11039944152993139 -1.0
3.3040015866517525 -0.13791695923059422 2.775374682627535 1.0
3.033296649692517 -0.037760550612357946 5.851899967977877 -1.0
3.2923337214503166 -0.20229008778849789 8.635108068434807 1.0
2.8155870601746735 0.025020707433906608 11.641454393048207 -1.0
2.9701080552280734 -0.005606244990953968 14.183502114192654 1.0
3.0598255191660346 -0.14077522102028084 17.230736986919897 -1.0
3.1595421284609917 -0.16021246733044592 19.97898784328221 1.0
3.323904944817814 2.9273824862812297 0.1400193870669185 1.0
3.1290263068469493 2.8321608772331306 2.8421351922616584 -1.0
3.0662171166127026 2.765068808914638 5.795062313419401 1.0
3.1560946389506457 2.7849661909451626 8.777075513765535 -1.0
3.184127116396229 2.6497379981061284 11.494050814807652 1.0
2.9717403100289985 2.742461801551592 14.224591164876925 -1.0
3.0277369776808363 2.7234079145038432 17.233130606183725 1.0
3.0993572062996844 2.7623371536599852 19.978986876910483 -1.0
3.260612673868988 5.647806154555622 -0.17488480938095918 -1.0
2.9582357533574544 5.79787666901361 2.618080734053981 1.0
3.0251129729205744 5.732381179822287 5.690780304602977 -1.0
3.1216897984970307 5.562774512557385 8.563296682740042 1.0
3.142900093679219 5.348028466853523 11.43356197515621 -1.0
3.2944946454133186 5.427449213609027 14.051695523308105 1.0
3.2604130378230263 5.709851955791203 17.047987313668756 -1.0
3.391575618071049 5.526545890769546 19.864764443046102 1.0
3.154793778474243 8.738790229480834 -0.16423760032803258 1.0
3.23987652808728 8.378517006069481 2.76004385609889 -1.0
3.139152335221408 8.333821137504435 5.724460795982872 1.0
3.230195184653663 8.470580348826402 8.50195682009644 -1.0
3.234354843963299 8.351510916663779 11.310153755273582 1.0
2.9868712562749247 8.31208738564684 14.320041556894566 -1.0
3.3045862874536374 8.503235348866413 17.067480258102048 1.0
3.3106825607740022 8.38694775465823 19.83309797402587 -1.0
2.9930759113031904 11.395154610783793 0.1267821207349402 -1.0
3.316556696590804 11.188679662285496 3.0473741068851314 1.0
3.1725658682655493 11.547490799055524 5.686660057149185 -1.0
3.1311542731657864 11.417185193330829 8.569122202747256 1.0
3.015802996193213 11.124206249549601 11.285619639684997 -1.0
2.9652498173664767 11.311365297298831 14.224683439222071 1.0
3.010153388283946 11.34093237011597 16.998574767661864 -1.0
2.8346676056579487 11.32279953642479 19.941702954073772 1.0
3.2663979449127063 14.157534029043914 0.22930943047060867 1.0
3.089109042586485 14.210254903178159 2.8885364316654005 -1.0
3.361168598603785 14.143907512710028 5.885022301047736 1.0
3.1106772030538576 14.23094700323851 8.744859467842074 -1.0
3.015870231734953 14.050899842972967 11.589004496954855 1.0
3.084333969899482 14.105413402477273 14.266428035231312 -1.0
2.884801980804223 13.973724793208774 16.95512817226251 1.0
3.1163270572262793 14.13851511426409 19.948173130906397 -1.0
3.113451918598858 16.925262170827686 0.03006352597610789 -1.0
2.997512155498626 17.115816720975776 3.0592354018689214 1.0
3.07374435453395 16.961180186084565 5.841549851614625 -1.0
3.0082927957377295 16.824169055942647 8.706110686156615 1.0
2.991246409494789 17.09538008547565 11.593119382419728 -1.0
2.8167943715422035 17.16487609726565 14.153342430463095 1.0
2.969321865134131 17.07761688333209 17.18127173642843 -1.0
3.1432665210400503 16.863949900789613 19.899209913590663 1.0
3.0167712324571956 19.79092094196828 0.10599368955364175 1.0
3.108440824535298 19.606247060009064 2.7988988011769274 -1.0
3.152797637069955 19.678970192322513 5.756293245936202 1.0
2.9819556161145044 19.702094908874017 8.51983071930947 -1.0
3.0975420069067905 19.734471412252187 11.476390709218407 1.0
2.9979943489380934 19.837083202302367 14.324567877638485 -1.0
3.0533038428794805 19.625597317533575 17.144147587396947 1.0
3.1680944096931647 19.83933058452331 20.13483797243964 -1.0
5.814880780485871 -0.1957486725469728 0.03201548683362099 1.0
5.7956047325340725 0.18371506248936903 2.957084564244713 -1.0
5.831790597644251 0.11266325685227047 5.756974297823152 1.0
6.002717176536437 -0.09130253920736564 8.524284384892704 -1.0
6.004615483445841 -0.03367728869356412 11.452671081203798 1.0
5.836656598780555 -0.046244776281241684 14.333046824369678 -1.0
5.722393920484364 0.051140289202383324 17.221090850144346 1.0
5.958585440817906 -0.1730088699507455 20.003901696250765 -1.0
5.9586533605744165 3.0595461633208894 0.08012390871328581 -1.0
6.084856554481901 2.9112125372585465 2.8270993748585957 1.0
6.0397389432376976 2.8699665502859397 5.822303621167472 -1.0
6.1021507017663845 2.6064472417498887 8.553446839460722 1.0
5.953201965068414 2.582215127484125 11.522715476529152 -1.0
6.355312584526151 2.787821906323925 14.426575350074947 1.0
5.804852634765647 2.59605796586596 17.373324147102995 -1.0
5.98114789984631 2.6149350951015196 20.017061508549382 1.0
5.9116496108590315 5.790233866497079 0.0011382200168075368 1.0
5.908144371865567 5.598651769926217 2.9050863943991247 -1.0
5.7930454085292205 5.555596928122313 5.6871257772853285 1.0
5.7846233725900404 5.494060100062845 8.584398336323712 -1.0
5.917269272030198 5.632363328495432 11.472866797850848 1.0
6.195723975433762 5.546355597814207 14.257369274868843 -1.0
6.157666201535853 5.519505047271431 17.058675063565467 1.0
5.9895191900215154 5.456556796503285 19.904850661107403 -1.0
6.025674372143916 8.543599929082355 0.04931992028345842 -1.0
5.837235063073174 8.34309295986112 2.8017207992678697 1.0
6.037361564316075 8.47441200629511 5.723067077475587 -1.0
5.879865373660252 8.205206229675419 8.616009295531297 1.0
5.864213216845712 8.429456154779277 11.4579297248468 -1.0
5.8791325103045065 8.462616399209288 14.386587505739467 1.0
5.986392279188861 8.431178766836174 17.026342836336568 -1.0
5.961410063929836 8.343237731223388 19.653876792581606 1.0
6.012736508580807 11.26780315139549 0.15284645059952112 1.0
5.911784650913568 11.404087990194075 3.0542068852305904 -1.0
5.998377774091974 11.127449452903104 5.736629220023582 1.0
5.958932530043329 11.497862002543043 8.42898027289828 -1.0
5.834974719128704 11.348613971891043 11.409149547334685 1.0
5.897467196040673 11.065833030066399 14.121455376235417 -1.0
5.939714060534322 11.285625862535655 16.960175695578066 1.0
5.8402481221695135 11.221777407328497 19.844107428364826 -1.0
5.971435555182277 14.11577612195354 0.2268308568560861 -1.0
5.826545072926734 13.993961137851192 2.98894154679176 1.0
5.952129542797251 14.399493880097774 5.808167866524664 -1.0
5.884242373371002 14.210431711459345 8.7282752639812 1.0
5.665611389009573 14.243030924486419 11.584533215050556 -1.0
5.8765122237182155 14.273149753069589 14.196683558983477 1.0
5.929231109757959 14.392005626095056 16.98891914088811 -1.0
5.789361930605724 14.247953963885827 19.860904541724803 1.0
5.913789831099348 16.847756023890636 0.08148682016883416 1.0
5.872231616417791 16.906995519343923 2.9677084466118018 -1.0
5.688984935745915 16.857045022691295 5.5461910159310746 1.0
5.710236074762167 17.009097737562694 8.625332370378816 -1.0
5.61637963282387 17.08262544250489 11.511832444888652 1.0
5.829407352916627 17.27938218281483 14.197280009583642 -1.0
5.965434886032525 17.067193537138735 16.973553597733773 1.0
6.144249882306315 16.91044341370046 19.82917974365959 -1.0
5.9884208615413455 19.667115382768262 0.16691735409516648 -1.0
6.047981576686493 19.506511630866378 2.77932501349687 1.0
5.825198838458703 19.735507644733477 5.680631017336584 -1.0
5.818448510104687 19.754296695427474 8.287538864465539 1.0
5.872271641821967 19.809516447158664 11.74494282251235 -1.0
5.843087922582063 20.01013808630189 14.420191998202293 1.0
5.9071915021035775 19.811530740591216 17.26166047881226 -1.0
5.9649748507328635 19.90094119959845 20.038709487301027 1.0
8.660811078892399 -0.1943255190700448 0.15761057857651345 -1.0
9.00356697206062 -0.09914964962364436 2.7520833991609126 1.0
8.665084828891644 0.09138285410351527 5.625660837520976 -1.0
9.0368208045411 -0.08970905742064161 8.352503736470737 1.0
9.051249503143099 -0.007414923263382889 11.685583721509097 -1.0
8.923983720854299 0.040189544615664236 14.302873709059671 1.0
8.780641906123991 0.1636990406513185 16.978202792996594 -1.0
8.78166428746964 -0.08709057465792114 19.997014028276382 1.0
8.572443529996988 2.750138564894759 -0.0859662130738883 1.0
8.855940498936855 2.8193648189789235 2.867463410509363 -1.0
8.608624885464184 2.793113251151662 5.649833381728478 1.0
8.862863109858019 2.7123458855699036 8.60569278779699 -1.0
8.657380577382634 2.866021650040782 11.40508006532811 1.0
8.84247623623416 2.9996304589503255 14.17815471831601 -1.0
8.913937135411631 2.968303105570476 17.231636624047702 1.0
8.87920260980721 2.632452045987937 19.956022577416082 -1.0
8.78447533142146 5.824497352671357 0.13637710676336665 -1.0
8.591004207861475 5.76820615331296 2.893812498850002 1.0
8.624790739068716 5.779875958003976 5.640471689169703 -1.0
8.600306120569881 5.507275055561334 8.605908809415167 1.0
8.649986131962525 5.638049943704242 11.473321196392725 -1.0
8.975375536800172 5.643907415867291 14.181815843303394 1.0
8.859290339128176 5.716294916619931 17.202334713885545 -1.0
8.880154981687323 5.816739794656798 19.982280570403397 1.0
8.916108915242422 8.518872330993638 0.31080093195429986 1.0
8.514982776173753 8.522702822919038 2.9382146487628793 -1.0
8.704593372458143 8.52498769544112 5.9721091907857895 1.0
8.484442756832312 8.4996690577376 8.809147672404546 -1.0
8.575537820606206 8.536254567708776 11.592491283783028 1.0
8.730813616515462 8.421858791515268 14.351039179884287 -1.0
8.915910692712401 8.666481306982078 16.879791660382665 1.0
8.688924797447838 8.480594580334946 19.65250243007772 -1.0
8.89285686308812 11.316792228758446 -0.06295626263851872 -1.0
9.034334670317932 11.177043483671582 2.8707047925858475 1.0
8.886138109415308 11.400820113968496 5.749820316135847 -1.0
8.670814926362905 11.379665401905427 8.6408391035832 1.0
8.647060248201134 11.557330994032265 11.312589062263687 -1.0
8.569392778764234 11.3688231739028 14.185733665175505 1.0
8.802767134690189 11.427767023795516 17.034663058416264 -1.0
8.673858920454586 11.33491524382341 19.852885182029894 1.0
8.92767785258188 14.12327035860883 -0.3220061713277076 1.0
8.75319595861888 14.119882581130385 2.959312403784657 -1.0
8.791401299202974 14.001054785642198 5.634746556334913 1.0
8.711151635104462 14.284966984679835 8.713035706453592 -1.0
8.61963058894406 14.251489693860488 11.417608033591108 1.0
8.642117148283932 14.147778220909332 14.32528013531941 -1.0
8.5910213005416 14.408278240838149 17.12976021761501 1.0
8.702173023264013 14.061981149915585 19.89871811683603 -1.0
8.87238258064469 16.960361728143006 0.10457807280134652 -1.0
8.679272688125643 16.8005186395144 2.910376776986058 1.0
8.628961084773552 17.06896899245773 5.691694694002777 -1.0
8.694327112368063 17.16907693359911 8.569817409135256 1.0
8.659216578843163 17.06001159245378 11.351365608390035 -1.0
8.82856658288733 17.402351090758145 14.22285340798797 1.0
8.736817657991196 17.391955107657843 17.06693879891257 -1.0
8.759678592045411 17.371368594777447 19.97856284441477 1.0
8.717390299471003 19.89124727048069 0.32628759182327827 1.0
8.738097932027786 19.85972859262474 3.0679963584014978 -1.0
8.634657177165964 19.82413918359178 5.676564045075877 1.0
8.594984885096611 20.104136035998557 8.843958148484315 -1.0
8.576843057395743 20.00999196408525 11.674255507883233 1.0
8.858004242256431 20.199395968589073 14.112381284064826 -1.0
8.654654323087252 20.07477027616154 17.142344811903104 1.0
8.882625429471606 19.947404606082102 19.95544574970718 -1.0
11.879389508166946 -0.05913784183654158 0.06555717844022119 1.0
11.840727002978262 -0.08298063316704685 2.8404768845915056 -1.0
11.402450417228799 -0.06617512646739598 5.568039288336695 1.0
11.82046179243927 0.11306628569280738 8.420591123071077 -1.0
11.688514898917862 0.05670254955234756 11.44734686171302 1.0
11.750539902188756 0.15104922608675456 14.239172654792869 -1.0
11.762771145527912 0.043320048908357 17.202050959869965 1.0
11.62542426560103 -0.1918695618173274 19.950552703097944 -1.0
11.72286192486007 2.749053165951452 0.1015138948470935 -1.0
11.622097985458442 2.9501754538665326 2.831743986784609 1.0
11.626965173077748 2.8604639345269995 5.785394297609389 -1.0
11.625752604615407 2.9256747205599445 8.558970551453902 1.0
11.75779764021503 2.9777894035202634 11.551424113181284 -1.0
11.85409841106412 3.066497367039848 14.41741786747722 1.0
11.608474517202513 2.974997746822694 17.092007094349675 -1.0
11.815871660666005 2.964099185017879 19.993998141926333 1.0
11.641169609796577 5.577214252133767 0.17484479038690878 1.0
11.492813959881854 5.490928402633331 2.8552388241942097 -1.0
11.553460846913156 5.659599508868537 5.742528482688031 1.0
11.389564407752898 5.719760340188514 8.430473834711425 -1.0
11.600544833647948 5.938321898866211 11.434929469740394 1.0
11.770128671469331 5.703164591233529 14.59045986589125 -1.0
11.633938359619096 5.674188609410353 17.24376494940904 1.0
11.832299461014552 5.78556135217792 20.03680406454597 -1.0
11.760521196543058 8.485658119638943 0.041931586561933826 -1.0
11.715395026270203 8.406797702140445 2.850856959999571 1.0
11.57502904097428 8.405148635310425 5.597413514101842 -1.0
11.696248258044761 8.39173860713641 8.484384485738284 1.0
11.688236636883396 8.46833588413237 11.403597510276985 -1.0
11.790385793471577 8.58605872678062 14.334708879613911 1.0
11.81870200086539 8.498284455023743 17.11414457965576 -1.0
11.612384616844313 8.626183315314059 19.975418034215384 1.0
11.835485887805138 11.508471101043135 -0.11724882898164424 1.0
11.822887636740013 11.274271644611323 2.8230417542606827 -1.0
11.734261451699293 11.393206913525319 5.793529441109869 1.0
11.581046672788808 11.258877927554252 8.563867689047129 -1.0
11.605421654120581 11.341946605385754 11.423914095759336 1.0
11.463510918267378 11.447526856343657 14.135481159246984 -1.0
11.52390988137642 11.498245169995755 16.93943885555823 1.0
11.672763359443353 11.621424471428357 19.908305076773804 -1.0
11.457251232234144 14.17951637281092 0.07600819898363859 -1.0
11.527550420944692 14.104789825681772 2.8355560059117035 1.0
11.652309188826644 13.933284287604245 5.6878054748189415 -1.0
11.496993900367462 14.046460419964706 8.540116008504885 1.0
11.543111776315413 14.185695990123493 11.399095972728558 -1.0
11.593498425455799 14.393513855119782 14.133445619861805 1.0
11.449544803540997 14.367484756458628 17.114850919366894 -1.0
11.622734512658218 14.246964799784203 19.867853417390354 1.0
11.676912543830795 17.058098238060865 0.06503198679661498 1.0
11.559013174070264 16.89262941711666 3.0073731142747526 -1.0
11.623401640358415 17.14187301669538 5.877613986816934 1.0
11.623538101254706 17.21086176699888 8.667327726219327 -1.0
11.524702060696365 17.02921486058667 11.627615039800968 1.0
11.489325463298151 17.309490280113344 14.197773557810706 -1.0
11.547575051012483 17.230174208538667 17.209857613522797 1.0
11.784269210621643 17.165764452153255 20.116134738935617 -1.0
11.778778456373102 19.941887900583616 0.2428710063015903 -1.0
11.832958334615144 19.681269828404165 2.8772413076859804 1.0
11.629970885271685 19.912035767662246 5.7178372416554435 -1.0
11.78688232378391 19.786994276218984 8.687541275806492 1.0
11.825915635251778 19.7686407068471 11.541654469633322 -1.0
11.580939271269713 20.146667285024282 14.475897644546757 1.0
11.456449959731016 19.791576749643323 17.011168336791993 -1.0
11.632317973616662 19.824967372301245 19.791782260130827 1.0
14.450667308806022 0.1419865815599619 -0.019814431600359228 -1.0
14.497420505067046 0.013180534828895515 2.9916742936437903 1.0
14.529991402659837 -0.050953638288142145 5.749154217334468 -1.0
14.546550464019052 -0.17329470631339206 8.624330114745124 1.0
14.7367306614008 -0.13206442369223836 11.47213548405418 -1.0
14.353146159368183 -0.028813039996492762 14.521042253079509 1.0
14.480797756908244 0.19473997098185034 17.22624196233928 -1.0
14.404233337099734 -0.08301544908660574 20.062118200001304 1.0
14.708255949872084 2.8728422824090982 -0.002103020158103836 1.0
14.572068076426618 2.6996415089900307 3.0778835599898766 -1.0
14.311371337711797 2.614972445226898 5.900144647519216 1.0
14.355829450366244 2.8533220040761247 8.712155770951824 -1.0
14.691882711557318 2.736802396739255 11.166247050238388 1.0
14.659095252762965 2.8100984958448234 14.582497455717547 -1.0
14.52768399516115 3.0102681086147594 17.32988790362863 1.0
14.512351880246392 3.1468049363318773 19.90992759140559 -1.0
14.433231281219129 5.685893864135869 0.15884249531481953 -1.0
14.856214722007966 5.382366743163533 2.9281587836704697 1.0
14.599565255501496 5.420843393002369 5.572469668310766 -1.0
14.360320710701355 5.677178775709074 8.575003886362294 1.0
14.452870975644373 5.711357278119356 11.395451132685922 -1.0
14.507330349684246 5.812240720930301 14.355495181785045 1.0
14.724032843021304 5.911724599844078 17.021099574547016 -1.0
14.631993438844574 5.935260012158082 19.95463040332342 1.0
14.214950411793724 8.488692476060042 -0.19239891995204061 1.0
14.450186614188114 8.46992263021923 2.8483368579614727 -1.0
14.569345587953082 8.309107600159855 5.859100546752322 1.0
14.297594364929628 8.359048291004337 8.629180863619423 -1.0
14.502640414768576 8.582633081913812 11.539864795944888 1.0
14.479191457358507 8.714141793129263 14.340352275445044 -1.0
14.555999395469891 8.643657227100373 17.125431419328986 1.0
14.313543977907697 8.603669741291197 19.82818558319078 -1.0
14.381696724844566 11.38605955925439 -0.020791062397830018 -1.0
14.52402850616938 11.313566698409183 2.9492702360503857 1.0
14.525249732218352 11.351545364039074 5.730844626365435 -1.0
14.406969965157744 11.30698127024519 8.683949086244347 1.0
14.391218776810781 11.138155684790695 11.187076680597828 -1.0
14.590178478857222 11.66912024767191 14.06447452996729 1.0
14.353219994075406 11.42042840968472 17.04107754303079 -1.0
14.482928629330676 11.481285466912027 19.829862147977398 1.0
14.493814144546482 14.312165592244986 0.16144785290450392 1.0
14.328228903267192 14.084622965362556 2.7442266915208253 -1.0
14.469359779866819 14.186086556964613 5.715388196440083 1.0
14.43071747933471 14.245131308473413 8.492233836002834 -1.0
14.431315169517845 14.175630006958638 11.076929657461863 1.0
14.59763695720799 14.475625218893859 13.962171227842942 -1.0
14.278713799800771 14.30800329885488 17.004193349668377 1.0
14.429702818609192 14.178007664815297 19.9151867364381 -1.0
14.45221310459527 17.280933724353332 0.18450576318592954 -1.0
14.343957579142597 16.640895881492696 2.9609825224578343 1.0
14.517808523271713 16.992215948408134 5.623729222447425 -1.0
14.697169072276571 17.1217182334013 8.62327310293771 1.0
14.517405695271966 17.130885777898136 11.462826971825907 -1.0
14.36844482676724 17.237575544603278 14.266545939201842 1.0
14.288251787617025 16.939337502744298 17.206351375145836 -1.0
14.510324619192913 17.093552907085506 20.036296174996448 1.0
14.626461351567157 20.026348480637658 0.08612068654459094 1.0
14.453881437076495 19.77965163135839 2.7149919195795666 -1.0
14.475752719821521 20.006489810009874 5.545701572667641 1.0
14.801389602644536 19.942398480852038 8.461047547491244 -1.0
14.539948260075649 19.68875394312573 11.833012528369455 1.0
14.471877480525897 19.929733847644926 14.577644927193532 -1.0
14.676592579889421 19.760891597426507 17.193367531543085 1.0
14.410617975819322 19.979980149704037 19.953882904333934 -1.0
17.251682524676642 0.1471153735325171 0.18959858855288197 1.0
17.14002969986214 -0.19034470732561815 2.770524525817718 -1.0
17.21528632573352 0.15514538579897802 5.573686666506067 1.0
17.42807883976167 0.17212753837036196 8.486951113099865 -1.0
17.47495421856698 -0.09629222021104056 11.671050937368856 1.0
17.442549242548417 -0.009091882426137232 14.392283064425321 -1.0
17.48627822862463 0.01940704075941186 17.22399546972977 1.0
17.233149349928727 0.06101281523082364 19.91992368781455 -1.0
17.380080606640664 2.8425982799494984 0.18350868349236613 -1.0
17.284361908811604 2.8733319785715383 3.002170806963718 1.0
17.325237685306153 2.8727431463969455 5.683421495638872 -1.0
17.380972297279524 2.876781300950949 8.477546422851425 1.0
17.287703506567738 2.8596210396860626 11.464811162767662 -1.0
17.32507334364834 2.8301001057254718 14.293234472162016 1.0
17.67390299712315 2.6725218185356314 17.126144028471955 -1.0
17.479260355853032 2.930019281376459 19.8541592199278 1.0
17.484850324251155 5.695390997176956 -0.16458482949198583 1.0
17.425975647768286 5.646360072686682 2.81774875587149 -1.0
17.49240593874464 5.510104450804044 5.841942533546484 1.0
17.165681150401333 5.655038377235131 8.465910220996488 -1.0
17.24266721789017 5.54697792275027 11.351661298634557 1.0
17.25904941344474 5.835571681324805 13.96921670041775 -1.0
17.548164562936808 5.665906914588853 16.890283981456832 1.0
17.273471295734193 5.794455474097137 19.8767603506717 -1.0
17.062139977980145 8.507963622228036 -0.16798632999352137 -1.0
17.123431582472755 8.530388539655153 2.64156337485932 1.0
17.27326959325787 8.48746185631718 5.972614404269325 -1.0
17.211823004254203 8.644115171432857 8.564995862849178 1.0
17.39394717478603 8.616905273282034 11.396227863365572 -1.0
17.38548003828769 8.548467533139437 14.215153805095483 1.0
17.4355617928283 8.730244535432728 17.218527761240615 -1.0
17.344109152251683 8.504075466357953 19.90166188162571 1.0
17.31880151869051 11.27602579318377 -0.029524260330948987 1.0
17.3973541313992 11.078881317935743 2.9827431811233467 -1.0
17.20837256951907 11.242899663485057 5.722962323211181 1.0
17.312069916672236 11.494000924842664 8.487204894842899 -1.0
17.542418514043383 11.23520277279413 11.34359472919456 1.0
17.38162887001293 11.362067561539936 13.928857322069684 -1.0
17.169810388117096 11.375455013655895 17.175784579745216 1.0
17.32146714591347 11.553145052007615 19.861834847109954 -1.0
17.196466354106157 14.256338982291572 0.06120511354568253 -1.0
17.426169544541132 14.262023589535941 2.9269801416727366 1.0
17.327829264711617 14.112121249907204 5.651914989146246 -1.0
17.513434137492258 14.099743157401017 8.640092034363295 1.0
17.31815472352347 14.103123462396756 11.258527566338877 -1.0
17.40144957421652 14.321930217357023 14.143362286949612 1.0
17.315460013451943 14.271186028867005 17.00116661344202 -1.0
17.25380568922393 14.333241007610676 20.103047362810877 1.0
17.200207478159967 17.036288882505662 0.03611604671823723 1.0
17.22335053216664 16.94143340658575 2.9731803895274465 -1.0
17.083994794383255 17.071199383160153 5.616082901922418 1.0
17.151549444407426 16.929031662024894 8.3378962702953 -1.0
17.251372296687116 17.15048187830144 11.461563193707832 1.0
17.371020198952206 17.09090231138494 14.22160153642211 -1.0
17.384754358316222 17.013651574811515 17.068551916548476 1.0
17.120560408176654 17.180457931506236 20.004683088813785 -1.0
17.2756645509349 19.82392562751361 -0.20966158808375823 -1.0
17.157393301580125 19.789276967157754 2.832677501343665 1.0
17.30314922844077 19.91430025261848 5.663124485105363 -1.0
17.311412683215114 20.008484709139992 8.594733871965438 1.0
17.265123778125567 19.876980509661912 11.50905206537643 -1.0
17.36246182445528 19.94048987874293 14.182296455540458 1.0
17.440979243412677 19.881061442233417 17.147666475274384 -1.0
17.13785533006693 20.027690587182974 19.7873104601775 1.0
19.94952098911287 0.03309254480816134 0.10432717449663724 -1.0
19.79140186889599 0.1660917023392515 2.9969938314241347 1.0
20.078727304121013 0.009469614273092213 5.809947120212249 -1.0
20.11558078234744 -0.07206651653978824 8.455563085260959 1.0
20.20567281268237 -0.08967609284104938 11.398430041553352 -1.0
20.156439575161926 0.0578133308534425 14.565782133806318 1.0
20.055609434596494 -0.228636176488493 17.190633273108876 -1.0
20.191973282063312 0.025534772091180713 20.11605380318749 1.0
20.13458110369594 2.7681144142295593 0.2126794913994127 1.0
19.86640523364005 2.69488944797865 2.9937827458600865 -1.0
20.2504590679945 2.8416813520096684 5.816288725230121 1.0
20.40926040180286 2.876256194436032 8.445903151165448 -1.0
20.36134066291476 2.8048696471495393 11.408858058439764 1.0
20.239213190164016 2.9056463644213917 14.152224795487122 -1.0
20.152166664368142 2.736113131148944 17.039498238817306 1.0
20.17497913773161 2.942470031634813 20.194719649302343 -1.0
20.220397109383907 5.596892926713898 0.07127406441535854 -1.0
20.060113339527984 5.745515885318933 2.6195090312892013 1.0
20.209705342175763 5.646858755205267 5.7770650989807955 -1.0
20.20737735023058 5.6813278691573785 8.503128244895676 1.0
20.214325823222264 5.643695060735699 11.28752939395722 -1.0
20.279540695800346 5.769290497827365 14.117297164989965 1.0
20.049461509345637 5.6966357000410115 16.962681752606112 -1.0
20.2346400198331 5.71267004491264 19.755278822244673 1.0
20.438877185518727 8.472790391444128 -0.05326954844748144 1.0
20.027381498382095 8.57776935029785 2.7676749272955905 -1.0
20.183669809260707 8.45768294734239 5.863767196096285 1.0
20.008236027209445 8.479607651560025 8.517812068109968 -1.0
20.12902415393173 8.531021247325148 11.39428269475217 1.0
20.18909665230115 8.55032619198909 14.245759622229473 -1.0
20.00098766704439 8.372413387307821 16.977254864020367 1.0
20.218665106934534 8.431883010407965 19.893777269437447 -1.0
20.062829439438946 11.09830306580231 -0.05681583923652056 -1.0
20.18418676623276 11.254964225697409 2.947060201648339 1.0
20.37857955493025 11.360027362163953 5.939783649270549 -1.0
20.36512769695681 11.408449409852174 8.43179014834517 1.0
20.2025013636619 11.287805888034308 11.426726938530102 -1.0
20.261897387496138 11.38060508383221 14.219164462792666 1.0
20.20108778061896 11.3682510303593 17.192535172659433 -1.0
20.136234101643787 11.370167053161062 19.894123187422082 1.0
20.090349723415493 13.984869447655887 -0.007289868028799162 1.0
20.251528604548696 14.077924546212705 2.9764281138996656 -1.0
20.08541067879101 14.23677649299937 5.662198026861997 1.0
20.281402424020783 14.003846144378947 8.791705567225687 -1.0
20.001271586026334 13.900317466462992 11.42660015205249 1.0
20.251443495370864 14.107324142958232 14.116078481433872 -1.0
20.074387950226193 14.187703217494866 17.122624346053914 1.0
20.122793365545487 14.201087016820887 20.133601911552784 -1.0
20.02607187559276 16.844651431397672 0.08797140192866776 -1.0
20.02189562057518 17.092659055705102 2.9615708506236507 1.0
20.018104291057117 17.107925745821426 5.666741319999925 -1.0
20.13836729411135 16.905163446976825 8.651997298915628 1.0
20.07348935757363 16.991670099310877 11.450079901467369 -1.0
20.195340309279846 16.928404206426297 14.215026700742175 1.0
20.13626410186289 16.90075919908031 17.17112851739863 -1.0
20.097870600265082 17.172815928195103 20.37227996005189 1.0
20.044233107916895 19.80065301008222 -0.04001836074530729 1.0
20.108959260735855 19.991123426938383 2.8984129442602113 -1.0
20.276563810935826 19.793923764808472 5.703128467107775 1.0
20.199480159766797 19.779278948639316 8.477006877618605 -1.0
20.254921421156844 19.856700350757066 11.258692069531238 1.0
20.259710741639932 19.80016844326358 14.223529162133849 -1.0
20.183286562248767 19.840778074423003 17.181313304013553 1.0
20.154734778445583 19.751336066672053 20.06997525322736 -1.0
