512
22.728
0.006351179676428467 -0.27614575514386885 0.2517698196027363 1.0
0.011711785313903694 -0.14572757216798493 2.997579283778231 -1.0
0.2516316500467142 -0.282922566588919 5.5537013004083 1.0
0.20806332332071723 -0.22884733102499766 8.820296132599132 -1.0
0.1339698485788801 -0.3782948130907968 11.523997043339598 1.0
0.08643020271208567 -0.3066261562661765 14.371395586511122 -1.0
0.1276265607408398 -0.011248838698133312 17.494264267843185 1.0
0.1259543456838882 -0.4281861294926408 19.990566851550426 -1.0
0.08564575186896728 2.6539019017064542 0.08869996106684913 -1.0
0.33716077699297814 2.522057137618797 3.236761234232582 1.0
0.21159895941700002 2.5403001543383787 5.675556779017371 -1.0
0.09782208136841027 2.520470900962197 8.799938009856069 1.0
0.2271301176998381 2.5505726658259684 11.53058442943466 -1.0
0.21891830467760195 2.4654733604872825 14.141552773665664 1.0
0.06135746641981507 2.7316672078434467 17.412233824693025 -1.0
0.37688625083307353 2.7645331088800793 20.198085956114106 1.0
0.3108692718517468 5.556799582665137 0.026061590031561256 1.0
0.19623709562581904 5.4546623130234595 3.014028797503137 -1.0
0.20764564482138678 5.2638137747304565 5.968715586667191 1.0
0.14252396781623008 5.422209116212268 8.794597906898655 -1.0
0.041534946032872756 5.575521285393071 11.536453340052537 1.0
0.21516502494127296 5.737776601381231 14.188677740083968 -1.0
-0.04228039943749806 5.418278920325822 17.02787931327656 1.0
0.26217411051948464 5.5815578843841855 20.03668738907497 -1.0
0.3678651116418741 8.302657207581694 0.2074375706872236 -1.0
0.2289298755503286 8.245418887550292 2.992859274575393 1.0
0.04966062830394691 8.428691226258499 5.896706343009877 -1.0
0.17881346442406926 8.42630536697702 8.720043719794088 1.0
0.25543219812757645 8.31329370409063 11.409271707565699 -1.0
0.418538025066761 8.456822638718807 14.396845568153372 1.0
0.10232889543972548 8.433137289229393 17.072171429082925 -1.0
0.26589479798864274 8.416782596927233 20.14052728407814 1.0
0.09582977694354511 11.192106473611025 -0.0030817055831739992 1.0
0.2587704106167269 11.126186664907973 2.72052200113249 -1.0
0.03308202660610923 11.12945824196094 5.8052210085431755 1.0
0.13265424038897172 11.23769243197562 8.675946432821837 -1.0
0.01585101031378855 11.087906776831092 11.26983313535878 1.0
0.27948861038901207 11.203786630585462 14.392944782908382 -1.0
0.24794425881773896 11.066413419816689 17.176943732656486 1.0
0.1951203219690271 11.066106471748347 20.06668805596654 -1.0
0.23532780385135132 13.842771638371742 -0.05373625378623714 -1.0
0.10413984006275825 13.721129771523808 2.998824045802716 1.0
0.16260100245018042 14.078537440656131 5.6692825962712385 -1.0
-0.03263044436066309 14.026153131302292 8.86231489416948 1.0
-0.07488873102162685 14.02782061345782 11.495955697690542 -1.0
0.13489807104281892 13.977381020574747 14.089950985357891 1.0
0.06752867778620256 13.810069475496727 17.273635800260458 -1.0
0.21994130419500163 13.721623487817398 19.961495029116083 1.0
0.2472145817652085 16.45221304614597 0.36847243659309936 1.0
0.2417426958277359 16.65695091115841 2.9436060954111265 -1.0
0.2636933285848242 16.97649621534524 5.957058586465282 1.0
0.26733910760591667 16.81179608204443 8.685226968706 -1.0
0.04158008677526402 16.90958239671425 11.718759457674398 1.0
0.3666319129799619 16.916093722334253 14.36592120068955 -1.0
0.2146567245735355 16.816380470734373 17.24562870632838 1.0
0.17810010756542444 16.585358018459125 19.99102804147256 -1.0
0.035199536687174134 19.416610962292577 0.18349547551502798 -1.0
0.16524641699475026 19.570745421528 2.8522589755123695 1.0
0.24034697831223287 19.49783583689454 5.706364890878492 -1.0
0.24338800109940406 19.60578007869991 8.67358829859018 1.0
0.010681947894394049 19.714996438094587 11.630068007640423 -1.0
0.18473732447803184 19.68024343115458 14.594955164266734 1.0
0.17201030963680364 19.43864870815554 17.378673388903724 -1.0
0.08169578184352858 19.51969462995745 20.116672317505447 1.0
2.8351670111704315 -0.2339012966147216 0.17855296398121528 -1.0
2.873946172926953 -0.3757880102860618 2.9785884371281974 1.0
2.97512806891656 -0.20362950686088155 5.788019993971825 -1.0
3.0320864046803115 -0.31984402423032776 8.653056365518466 1.0
2.992740412079635 -0.279310332534525 11.269487061995234 -1.0
2.941570482623426 -0.20751268043491677 14.40353711640619 1.0
2.801981767146208 -0.25823979771782746 17.164804601180464 -1.0
3.0483104769599407 -0.09215399453357165 19.97233319161162 1.0
2.866910637056001 2.6698804883014504 0.20009959394551774 1.0
3.0269555296503823 2.6338638807722283 3.0872074189009457 -1.0
3.08615060397689 2.554231010559346 5.855169538635158 1.0
2.824342744410731 2.536804002182955 8.678048866703248 -1.0
2.9697702947555755 2.6307200030390234 11.509754307915733 1.0
2.8676926993994893 2.6598791884060566 14.322875274659095 -1.0
2.829040357449496 2.492906305219312 17.14899011368671 1.0
3.141652707590595 2.560828744779351 19.90089600769269 -1.0
3.0841204275133784 5.224633996063506 0.21381366476064267 -1.0
3.02633785100269 5.3236135232531065 3.1798546788290194 1.0
3.1631941404857145 5.377386586665384 5.909198635331862 -1.0
3.074785188989912 5.627247539011561 8.722917078952289 1.0
2.7621230617087447 5.355649063218583 11.493606355767175 -1.0
2.848171348247102 5.383624564648866 14.331660141430584 1.0
3.074116180653865 5.405689842150844 17.083445299762694 -1.0
2.890668380690721 5.525190297555202 19.744837688412307 1.0
3.0833472631605345 8.293989430611012 0.29622033436952544 1.0
2.9323625765795867 8.153775797660016 3.1364292720325913 -1.0
2.6677421219569224 8.300880357660176 5.788806203400921 1.0
2.860787168285437 8.22044011281147 8.448042903152116 -1.0
2.7469857845466574 8.33983151213446 11.633554307957269 1.0
3.1062023805292185 8.21033617479787 14.543029394714686 -1.0
3.0455412221446823 8.299423657439958 17.311404433640124 1.0
3.222383086322354 8.347700991949699 20.163444002018093 -1.0
2.920114462085437 11.096547500191846 -0.011677455871126341 -1.0
2.9975785827449286 11.071902514099307 3.170420369731403 1.0
3.0298520816373467 11.025772189895177 5.911412406335674 -1.0
2.9648939906439167 11.116122100671 8.818508443770781 1.0
2.770190536793113 10.916562534234673 11.40361731346179 -1.0
3.0208087762376197 10.899731179382977 14.302225423712288 1.0
3.0640971329684668 11.075400456871568 17.232215826861005 -1.0
3.1555089909764087 11.04925570490203 20.00165315496966 1.0
3.0439048144661194 13.940594329415624 0.15547234158181925 1.0
2.9557543767670964 13.805732585730704 3.091917503909748 -1.0
2.959708647301691 13.886533148919039 6.215844153419676 1.0
2.9174760087952327 13.693350228799392 8.982060173202283 -1.0
2.936791323735711 13.929920101833229 11.572286800716407 1.0
2.9217014480483163 13.788708309232069 14.23049853888873 -1.0
2.8594712229923345 14.118795349893686 16.86944174893777 1.0
3.109045668130368 14.114042692504876 19.918318252751767 -1.0
3.021812620110675 16.72826826689087 0.14290714633506613 -1.0
2.9797366567522006 16.460331082497376 3.0594365253454616 1.0
2.9170254459123424 16.710207389640814 5.964473497027876 -1.0
2.930726461771705 16.8547640628611 8.816460545237495 1.0
3.1780011146011384 16.875209109596593 11.619671556845317 -1.0
2.9334829341432975 17.036755780754376 14.464344595470115 1.0
2.9464965397415908 16.67262613424295 17.2600259274377 -1.0
3.0555934231888875 16.59924709608744 20.21857846861793 1.0
2.9834018164626688 19.456739425959235 -0.06706330735283927 1.0
3.196265144274719 19.837091662164006 2.9263005531687214 -1.0
3.1973432790774643 19.619701715780156 5.800195391826654 1.0
3.0492497054803054 19.542327118654494 8.576478159607104 -1.0
2.96206030598861 19.519292229311258 11.56181694503973 1.0
2.8339880716991956 19.8020054433096 14.526438884363678 -1.0
2.98424349483911 19.714752659638695 17.26713511164102 1.0
3.2551354210776164 19.36438143431255 20.084094896430702 -1.0
5.726424239464767 -0.1487687039669332 -0.07869284810745825 1.0
5.95617949000154 -0.3828726685655397 2.931485548094253 -1.0
5.882194950281047 -0.4176686250703696 5.7417533930198985 1.0
5.82031008217393 -0.3231266297499289 8.626111860449807 -1.0
5.781049490300451 -0.20415802937750271 11.287865606007744 1.0
5.98883677193197 -0.2423491035495431 14.177371592170031 -1.0
6.064300277606112 -0.3313798850400076 17.016825963341304 1.0
5.733151739831777 -0.4359508180878464 19.945663472940815 -1.0
5.838690908533374 2.59804147100417 0.24674007837211404 -1.0
6.031631157620621 2.487514590942288 2.921057708980406 1.0
5.689161425641413 2.8097482065344375 5.72560842641028 -1.0
5.602837783068695 2.788093227832447 8.432779520574334 1.0
5.7903171695791675 2.622699698975411 11.50790636994177 -1.0
5.733402062806211 2.695185889537711 14.28552595658048 1.0
5.869891211581368 2.440234468222717 17.153050133954384 -1.0
5.854972039016768 2.5448559889713653 20.086031913158727 1.0
5.844822632857391 5.406551533301673 0.09794306096179947 1.0
5.726390222331221 5.358012792096131 2.887900436778997 -1.0
5.838649578564639 5.530251939077544 5.909078798312907 1.0
5.736986885410704 5.481743647089546 8.653591033713989 -1.0
6.044478255684662 5.520477398938133 11.5935051475413 1.0
5.741737252016686 5.496858159175265 14.279382424901929 -1.0
5.726696481055581 5.430764952416187 17.167296421081844 1.0
5.732044656334536 5.512875071288034 20.040831833528763 -1.0
5.789915249172509 8.131247162435292 0.27010629470288705 -1.0
5.8981357485984525 8.069753662821086 2.975299752410621 1.0
6.152355771231627 8.32190068468384 5.871814883682325 -1.0
5.690429073819713 8.231943729798685 8.587867516528963 1.0
6.145502395382989 8.228058315541205 11.48549509476371 -1.0
5.79979568306595 8.177519194912252 14.449399357978844 1.0
5.883142860215005 8.161427737251419 17.131324504751774 -1.0
5.9848619898547675 8.205445095644084 20.20989614176908 1.0
5.740354736203923 11.05873349611266 0.16081015142859895 1.0
5.786852833249478 10.741489044778026 2.8531186521783525 -1.0
6.007008478052416 10.90118084527021 5.897421005189755 1.0
5.956097018474589 10.915042207901575 8.87842344293725 -1.0
5.928873808974388 11.239554185532267 11.646306768437247 1.0
5.943798230308091 11.075715335155605 14.128571977754053 -1.0
5.799204390057067 11.115737143626717 17.103095509428645 1.0
6.083245391639787 11.191509529012688 20.051618401329968 -1.0
5.681122598875934 14.002658273673127 0.2744449514775009 -1.0
5.709611564608406 13.676575395041445 2.947199039330305 1.0
5.910813533894927 13.90360518724131 5.952660471198617 -1.0
5.862665913751528 13.84004848901466 8.691839404123897 1.0
5.893647223725283 13.911938145761123 11.429507939980873 -1.0
5.924146283136078 13.932444225684218 14.25434531932249 1.0
5.995791004528394 14.015397808409032 16.967853838377845 -1.0
5.7683681481274895 14.047495601687773 20.029303015502904 1.0
5.74223318982302 16.917206468586087 0.24132975720051375 1.0
5.838465376768198 16.66562073027252 2.918261969852128 -1.0
6.005893890403295 16.743701716469165 5.722930325466629 1.0
5.783907473287444 16.68636086242543 8.629189772655124 -1.0
5.94284020333956 16.85175949380687 11.353669996549296 1.0
5.6119438659510905 16.82488902144919 14.29474226904749 -1.0
5.700194321086523 16.717806641280294 17.09858920029047 1.0
5.9141719290293535 16.90014193915117 20.252169630065843 -1.0
5.940205698411024 19.657318403160577 0.1874440035076006 -1.0
5.828919383948239 19.666640997480716 2.7497127440277818 1.0
5.920573705372281 19.56358920009138 5.763192153515198 -1.0
6.265558231931788 19.57352136753606 8.593561384509014 1.0
5.88639153680518 19.659767314632337 11.474896219769409 -1.0
5.794803647936453 19.757004642681597 14.450041847896436 1.0
5.782908462964909 19.72606553764895 17.143745046342634 -1.0
5.9507500872268295 19.628406586576332 20.104365507805067 1.0
8.76498878462634 0.0716910786874349 -0.03883930863108631 -1.0
8.847844248936779 -0.20034443994257245 2.764549551750816 1.0
8.525236376452257 -0.17957205970927603 5.813289080742852 -1.0
8.684598661331984 0.060169522323050346 8.660181254522014 1.0
8.668469724599873 -0.2388013938814595 11.507576981247878 -1.0
8.651744673692164 -0.11865117330192376 14.222785017741241 1.0
8.487468987134157 -0.3228644705764836 17.076173998278932 -1.0
8.729804635283816 -0.11165666409727137 20.002303420492417 1.0
8.822908499408785 2.820267386524222 0.13776309792352198 1.0
8.763456190231635 2.6186264733439066 3.137285732621306 -1.0
8.654762480598075 2.5255680065946975 5.816619782188896 1.0
8.816225891242333 2.780924729461198 8.655068020167068 -1.0
8.830866289353855 2.8872239726948186 11.720697024659115 1.0
8.651144159836264 2.833497121726088 14.243515277857242 -1.0
8.597323081311098 2.3308592630982714 17.261336443289995 1.0
8.783136476868329 2.603675689299981 20.049997705306172 -1.0
9.18258461466986 5.441185905336979 0.09739111882717569 -1.0
9.004925393933785 5.406321475405642 3.053910252801335 1.0
8.747773601362086 5.4398000921402945 5.900037063167621 -1.0
8.58876293247146 5.45402918555189 8.511993538305868 1.0
8.837252811337311 5.379989303307948 11.336656493611155 -1.0
8.937321344658466 5.479828342800852 14.374116439128958 1.0
8.5651165589491 5.330163594856705 17.433214067886926 -1.0
8.745436360009151 5.4000324470097265 20.276508777606228 1.0
8.727597034541153 8.313998747132048 0.2527879329098892 1.0
8.893406239982784 8.06910502658645 3.0957118046451173 -1.0
8.677857777433994 8.060252484814884 5.810653496707687 1.0
8.85601408374146 8.184911477246011 8.512132167545325 -1.0
8.883207316000325 8.247339660669875 11.554417772962704 1.0
8.813455225039434 8.244601585957984 14.520551370357785 -1.0
8.650976599180717 8.017575285111612 17.231986854037853 1.0
8.6054239029591 8.09200630650076 20.119531847316292 -1.0
8.697689853416422 11.19076169810461 0.3324796570412011 -1.0
8.53418008894195 10.79964996733157 3.0575622254875694 1.0
8.777510566920302 10.972583191675298 5.943487536349658 -1.0
8.786371207100917 10.957189648590742 8.778246996046368 1.0
8.790658566282074 11.056137995007106 11.555438864705991 -1.0
8.741591062495386 10.96319567675576 14.294608991985868 1.0
8.566952233838474 10.916082005581078 17.20863147126976 -1.0
8.585338779251353 11.069585123185313 19.91508901140335 1.0
8.6094853135682 14.089530070795668 0.3883324882544078 1.0
8.799001899701777 13.800240963742729 3.013236423755122 -1.0
8.738968679545811 13.936413408388711 5.813133510354182 1.0
8.696543049868342 13.949830206915983 8.557172722505312 -1.0
8.659746920254799 13.785060635614492 11.592339707803253 1.0
8.796685603863605 14.045036697718219 14.416391136087293 -1.0
8.706876373651948 13.863258259447084 17.383171096192868 1.0
8.728580258596395 13.937423687489748 20.0548712866986 -1.0
8.797516735841349 16.86560262028272 0.19901699035581294 -1.0
8.558348850072484 16.563851230518875 2.9413022582693986 1.0
8.697894802490747 16.743944002719793 5.661594156748379 -1.0
9.005039916282719 16.807402075346392 8.789551417368612 1.0
8.64993452617237 16.912057478985986 11.622941304499937 -1.0
8.687598758511376 16.945758002652852 14.196534991816957 1.0
8.594347867833113 16.968864853061657 17.256904728910932 -1.0
8.745621072603457 16.717464416213613 20.138244369072616 1.0
8.816723818782064 19.721742729197132 0.04161303989326936 1.0
8.687875773083094 19.861560282836628 2.9501946554187275 -1.0
8.774961465072634 19.72055597222253 5.662093126135727 1.0
8.765378073125623 19.244663532861786 8.539319172618908 -1.0
8.662073512865431 19.803371127757558 11.75491432019494 1.0
8.674632040497158 19.603113174211288 14.264252110840951 -1.0
8.76760146486479 19.57548072130852 17.096258995942588 1.0
8.931736756023252 19.7135494933828 20.251233573725496 -1.0
11.718870904663792 -0.1813567153047586 0.050263488804062076 1.0
11.41785811757875 -0.3039022035343599 3.073338473647652 -1.0
11.256357150248357 -0.3557855151111653 5.6910861944071245 1.0
11.505277505492083 -0.29051563260044944 8.533789440501874 -1.0
11.543217339992111 -0.06957163103261976 11.41976769441278 1.0
11.692180710294021 -0.2820033306873526 14.465420018375706 -1.0
11.534637669066633 -0.226092391675202 17.286723758951837 1.0
11.51856402354317 -0.12093731025494492 20.008476700582644 -1.0
11.501419858287386 2.3381605198089455 0.27493567276058967 -1.0
11.783928188112771 2.3473799843244376 3.042644240880383 1.0
11.681563225644956 2.536916309116764 5.7830690602752375 -1.0
11.54493116756676 2.8022531681274696 8.53628807265242 1.0
11.328951716539706 2.645188111978525 11.371965744358517 -1.0
11.430306385797628 2.7273513912621934 14.421654759351183 1.0
11.31766463297875 2.6596320497731787 17.03209749814332 -1.0
11.440911370837105 2.4838959978217914 19.79241793147767 1.0
11.839519791468772 5.089555712106094 0.044398029507289105 1.0
11.565464063371572 5.35509219711318 3.0691651971954417 -1.0
11.491644185882627 5.379987521449872 5.761148083755701 1.0
11.60456605630564 5.464356015332222 8.645392060844994 -1.0
11.605352730523801 5.550416420631012 11.216845862917891 1.0
11.565830980611619 5.475695538286261 14.479176106199192 -1.0
11.336952881162244 5.511307241840774 17.40251447209331 1.0
11.611074510727162 5.000136661858698 20.16966883381447 -1.0
11.624938395661646 8.249586421349926 0.39755385768138035 -1.0
11.574627228061471 8.338786647487632 2.989737437038933 1.0
11.4002980438917 8.179792066503216 5.840878250137413 -1.0
11.420665900961893 8.289278913734258 8.55150708122601 1.0
11.539589612133925 8.265169806901623 11.409484801510901 -1.0
11.716310054233846 8.490110248118391 14.394551959135072 1.0
11.48130731391078 8.131194323193514 17.16310974231209 -1.0
11.658078534225163 8.527505896636299 20.24305315133571 1.0
11.515266566894049 11.15128318918147 0.24687640023546345 1.0
11.371517347333345 11.151982815914069 2.9610934282607864 -1.0
11.459392085957246 10.979352720749459 5.598971033753697 1.0
11.589485731935094 10.849425785519715 8.93873148626065 -1.0
11.628312653183777 11.10401633824069 11.504883287121181 1.0
11.714917649021569 11.150989809597016 14.380475026336754 -1.0
11.56207583674576 11.1611637095954 17.269119204582164 1.0
11.46477559597531 11.0612372094682 19.88500213404683 -1.0
11.453563990720204 13.908414359918842 0.17056331807749944 -1.0
11.480659245173207 13.891871321044862 3.1620247723081687 1.0
11.616071224827438 14.074218225997614 5.849296131006012 -1.0
11.570215858683795 14.045148820137937 8.489636118622188 1.0
11.339037700020196 14.005425304522847 11.514882746518225 -1.0
11.385459024511887 14.093070756467364 14.41604449861951 1.0
11.643046124755557 14.009110071395831 17.300543720590376 -1.0
11.487637758139314 13.857798846768167 20.009304702153184 1.0
11.516134203805366 16.7802487546589 0.07458683159453663 1.0
11.576960211815901 16.59540943368219 2.890153760788123 -1.0
11.535916840970415 16.865177897854355 5.5916488670277955 1.0
11.584047527323655 16.77672881419815 8.535574574291646 -1.0
11.487075208389637 16.913624927571817 11.40923805131854 1.0
11.559778324944142 16.983543360879533 14.4734508645382 -1.0
11.597958606026678 16.95148006019831 17.306296999970535 1.0
11.425249341515517 16.8073431143984 20.021474067438096 -1.0
11.614433406449434 19.720471672431792 0.05432331148419171 -1.0
11.579050156111498 19.817976697683466 2.8172114036500453 1.0
11.524899733759796 19.5087630580654 5.793090974961309 -1.0
11.615435448263412 19.54051698240149 8.661248591444002 1.0
11.473788051248095 19.59445902510361 11.484604397201696 -1.0
11.364348797851836 19.87653625667205 14.437406756102973 1.0
11.56841072093457 19.787758678463703 17.52216049728662 -1.0
11.50993153239231 19.907610008467227 20.046256298719364 1.0
14.437503984382817 -0.33886255440526725 0.10824767871080332 -1.0
14.63155044938925 -0.12802759620588233 3.0302409899306064 1.0
14.244039439817215 -0.35622429423055024 5.692505893134567 -1.0
14.382791375315362 -0.22555710834174647 8.489753395668123 1.0
14.198857986338105 -0.38857613707734373 11.619696661981214 -1.0
14.34944392751637 -0.24114723712896335 14.338575504415962 1.0
14.419632369108319 0.06814582700789984 17.178111462721127 -1.0
14.368424003077292 -0.38921176221787945 19.926066703077232 1.0
14.426639940672366 2.47436341828461 0.1095321785540137 1.0
14.569719441794566 2.69797192559074 3.1336384350946274 -1.0
14.280600253071826 2.3178388498323605 5.812525087384099 1.0
14.333085894183368 2.6697537883540297 8.673202125759481 -1.0
14.267879816045452 2.6661909163593283 11.34868708485844 1.0
14.249945985792744 2.6141486472599023 14.200455155458398 -1.0
14.459287854018667 2.5973958606956624 17.058925188661977 1.0
14.379658809056627 2.5897964925992407 20.209692225360754 -1.0
14.399928858228876 5.36800926064627 0.2126188615005956 -1.0
14.482783780696279 5.552163104222396 3.218609889581429 1.0
14.285862911321615 5.451519227745038 6.022944207807725 -1.0
14.371022892573112 5.506941090521812 8.647075096831475 1.0
14.346498670264296 5.703265234851761 11.275931479944896 -1.0
14.301089118772511 5.339416885911576 14.31666232025926 1.0
14.428833217443321 5.4911588605973565 17.257732378183597 -1.0
14.510728519938288 5.399640606876395 20.139806874244996 1.0
14.358661282088216 8.270166073899468 0.2243568477848558 1.0
14.440347138767207 8.424798482604805 3.1422883648366082 -1.0
14.485765940801274 8.30987475271165 5.964559272784494 1.0
14.628755309017402 8.47755439470353 8.61330584020356 -1.0
14.274339349495618 8.337263454347612 11.402591712476127 1.0
14.323594825632371 8.329659699024383 14.293568384528323 -1.0
14.068290667797061 8.399028366167864 17.143570403978668 1.0
14.186213903814073 8.135248188219704 20.139622748431975 -1.0
14.208097486424823 11.187781516548288 0.29602326415988417 -1.0
14.314701293460272 11.135100182434622 2.9988583931683137 1.0
14.343129558120237 10.957766277439157 5.988058287705331 -1.0
14.23078229436647 11.031767685754497 8.582885874709778 1.0
14.407006308698802 11.141393400568825 11.463545434121016 -1.0
14.565223794922572 11.15587231651878 14.421836942042084 1.0
14.220920850943399 11.015146545671511 17.314158594544157 -1.0
14.142578219539658 11.172294568411706 19.890503934158808 1.0
14.183927407111943 13.899786347120804 0.048289731633305126 1.0
14.580146101714089 13.853672868532373 2.939394588838744 -1.0
14.294819379912486 13.987261005867653 5.996252056493461 1.0
14.352792023881134 14.167899966505324 8.698222704253624 -1.0
14.245568057817362 13.933318897756514 11.522210226423427 1.0
14.226331073144225 13.997189887638774 14.503754659138885 -1.0
14.263281793969947 14.227876355073372 17.20000151117949 1.0
14.446688398181161 13.863458464602784 20.148528404049024 -1.0
14.37122891949016 16.632820159871365 -0.02649934431756762 -1.0
14.450476549522303 16.642534912399125 2.688983402751311 1.0
14.3616455721136 16.904814662365837 5.79952424099106 -1.0
14.401081792814352 17.015123575771167 8.781177678500969 1.0
14.383825805976475 16.936793288149946 11.473488473508505 -1.0
14.340702794824713 17.066729218850565 14.390695568017696 1.0
14.23373647754997 17.07370917481129 17.233948203271158 -1.0
14.404019920647643 16.968137193435396 19.926772726615695 1.0
14.496456933569672 19.73864011091398 0.1308319482567665 1.0
14.456193043897857 19.487090627870387 2.8363858183420882 -1.0
14.053128380839569 19.462387279843075 5.758174506966275 1.0
14.456157653636387 19.7960470322601 8.562406284934115 -1.0
14.342227809851128 19.71939301945677 11.535355011168807 1.0
14.422615417527481 19.65143433657746 14.524876629648727 -1.0
14.209710756029624 19.71927260130487 17.311386883753112 1.0
14.534935994172287 19.80141068518844 20.059298540695625 -1.0
17.164819888815757 -0.24351748092850656 0.27019821175256775 1.0
17.149828698908166 -0.25854897868057947 3.268244722267155 -1.0
17.14820940708084 -0.1585048383756984 5.99508854410056 1.0
17.04090122423881 -0.037196916382299605 8.70570242587207 -1.0
17.065819848728555 -0.32369210173241214 11.440792771654536 1.0
17.214221878692594 -0.3296038129912695 14.35377324351217 -1.0
17.246800029604294 -0.2764102652455698 17.052002815980888 1.0
17.24625122329299 -0.21029871277285395 20.055238863662648 -1.0
17.0299348824838 2.5840563473593736 0.26906524841553536 -1.0
17.277089579948328 2.7368789841779226 2.9888294785667635 1.0
17.409295307479212 2.7330409450052375 5.997908527382945 -1.0
17.179920201307624 2.79027556924013 8.680654226654369 1.0
17.11015695799087 2.724953671639608 11.53418887975017 -1.0
17.242669750464408 2.629597169469949 14.332712044287609 1.0
17.207192521210597 2.658820364689057 17.07054709627696 -1.0
17.341488453126125 2.4949299306658808 20.204857633945895 1.0
17.1948506727541 5.224372875937538 0.23102419119317452 1.0
17.19453830052475 5.675062407750987 2.9118126804096667 -1.0
16.99147146785831 5.585871614162186 5.938387272872789 1.0
17.18013720867661 5.476421582818618 8.68397594250868 -1.0
17.11511662443255 5.73879235363535 11.766682240881778 1.0
17.21441005365272 5.521919712826799 14.534698555608704 -1.0
16.971113525081403 5.476378003582851 17.25000500464541 1.0
17.296825779651986 5.448806626054354 20.146212204253775 -1.0
17.085396604130292 8.22514524394196 0.06286567198034285 -1.0
17.260542715895262 8.2137326417177 2.8919331527889818 1.0
17.280088653992415 8.347779464812962 5.721880637596498 -1.0
17.30280085357716 8.306282492184941 8.67018381019061 1.0
17.163267441554034 8.424038144555066 11.472264245956572 -1.0
17.195626109957853 8.320058568352762 14.591873954176858 1.0
17.037223524863787 8.471953140422185 17.209164330510838 -1.0
17.03432752245738 8.208856529885125 20.03514852016177 1.0
16.992892203820315 11.162045932745022 -0.018192880503185904 1.0
17.23044972879962 11.399403142971785 2.921280702759988 -1.0
16.89380314077966 11.06158732157161 5.597453776616563 1.0
17.03321072644974 11.305155464915737 8.434674232302482 -1.0
17.19199569950281 11.229540661706428 11.266622378732876 1.0
17.2714238648348 11.250070424272577 14.658844598422911 -1.0
17.219570850346607 11.208060532034724 17.340765578200816 1.0
16.959577781794454 10.978483897870152 20.07128657777111 -1.0
17.151718777553885 13.908123408950107 0.06967328310026016 -1.0
17.15461282878204 14.086841923327773 3.030752858410214 1.0
17.13835433068109 14.087571426650808 5.7295215562649355 -1.0
17.28233958436895 14.162845300470998 8.484796056581885 1.0
16.94554693188564 14.034125012748042 11.51718535635734 -1.0
17.152796016586734 14.10369110547954 14.284538960653867 1.0
17.04096093360873 14.047621627213958 17.266709468565164 -1.0
16.983260890992256 13.961129160342953 19.87756437328823 1.0
17.38919479368272 16.57023091062638 -0.08234885043641071 1.0
17.237478663799525 16.706964168521598 3.0493368110020613 -1.0
17.23147832266549 16.913255158747603 5.729031707548977 1.0
17.226859410626318 16.959019772704007 8.66539427826309 -1.0
17.023424894154907 17.10923634007085 11.498713426694998 1.0
17.16333457596116 16.917745774581363 14.396424233284453 -1.0
17.13242405413304 17.015108929472092 17.09860179626761 1.0
16.997020640861102 16.962485461792355 19.699598145560252 -1.0
17.281503354448397 19.68856845698478 0.24629266784046633 -1.0
17.233207670161462 19.58604405197286 2.9296282512540004 1.0
17.32237410333109 19.75618647052788 5.867890913682746 -1.0
17.196551721174494 19.850152329647457 8.64853590540616 1.0
17.154642166285846 19.74824653842121 11.693103860054487 -1.0
17.183864805945014 19.842001442553663 14.266160784880714 1.0
17.357174350082577 19.899307164487187 17.20758500282212 -1.0
17.407687771046493 19.60319985119837 20.023205954151774 1.0
19.989924150859622 -0.141068469516064 0.2131595501828889 -1.0
19.898628544809768 -0.34651196587585886 3.119188538713034 1.0
20.04301220487831 0.0016177607507152914 5.772619832133879 -1.0
20.314404266149992 0.034947766127388064 8.661391272445787 1.0
20.023755509269176 -0.2363767466997686 11.436155112990742 -1.0
20.127047510297384 -0.27840771098720296 14.224789159773295 1.0
20.204801072493204 0.054509905374432774 17.336368252626535 -1.0
20.089880200201705 -0.07841965439544651 20.156086288227034 1.0
20.192237056445524 2.871880883281015 0.23230194601300191 1.0
19.931252094644805 2.375732207078147 2.8848657107633504 -1.0
20.055937158825266 2.682153497506663 5.651061125565011 1.0
19.890168564758238 2.5417806293237937 8.71943342233019 -1.0
19.89192250400896 2.706943279299122 11.563014299436848 1.0
20.159801507391425 2.6838268332705972 14.254956393236558 -1.0
19.916379913906376 2.8873821394580728 17.222814548026488 1.0
19.835853147096252 2.5884337539931095 20.200647687810477 -1.0
19.964771691110133 5.478568083429912 0.04708583565144508 -1.0
20.096649755470004 5.706555123226765 2.9905390254742863 1.0
20.16464817171236 5.620934585225669 5.773140647773126 -1.0
19.927292826286422 5.494924204475147 8.666085589861378 1.0
19.928456770042306 5.313144167818574 11.588522136571122 -1.0
20.15729996025475 5.568351410237377 14.286897162396878 1.0
20.060417107243126 5.4038066332414445 17.17269606683283 -1.0
19.991197043326764 5.472004666025735 19.869150740065734 1.0
20.121053901699455 8.19629746505101 0.21046628898584216 1.0
20.097927911381472 8.321620390044895 3.113790573033959 -1.0
19.90219859065812 8.398876536486858 5.7515260801165535 1.0
19.974100822770218 8.29922552773554 8.591283831871799 -1.0
20.00188244816064 8.24322511705992 11.556865789884545 1.0
19.999307168281575 8.303948538428639 14.35799549797741 -1.0
20.042054872287906 8.393789968036625 17.176388464691822 1.0
19.9694181730502 8.266567093548508 20.028603072192208 -1.0
20.08337743448322 11.169006498300213 0.051048416732601964 -1.0
19.926752390778688 11.259352829505909 2.84827761295438 1.0
20.150991293803422 11.29704988199821 5.878963780907345 -1.0
19.673316432480476 11.282388382888428 8.480442355088282 1.0
19.96658173612278 11.209703872808152 11.412395991497812 -1.0
20.004284152185956 11.37104228092371 14.237835479339786 1.0
20.076259110202386 11.299551916958405 17.002741647449117 -1.0
20.09104512357391 11.067203141973634 20.067970995114177 1.0
19.942510407047006 13.864345079915642 -0.05827227997600559 1.0
20.077971377052393 13.980425718210931 2.9196783862515194 -1.0
19.930982013041564 13.921119252250417 5.6561020820869174 1.0
19.831328179191882 14.104008748410976 8.560171157167943 -1.0
19.7377365039187 14.189870760334065 11.483780631470111 1.0
19.9361809578079 14.17459715414262 14.236847506131147 -1.0
20.071048435893715 13.85171791663627 17.0971141561683 1.0
19.80191112130215 13.841959437137266 19.97793095149117 -1.0
20.12554187475656 16.84252239662296 0.11672845215841111 -1.0
20.223287228618997 16.58483505008178 2.967447682670766 1.0
20.070610441680174 16.895512382793438 5.573750969539149 -1.0
20.2455952428638 16.890064039233717 8.755404461305059 1.0
19.92225828097587 16.9070127735655 11.59209282686444 -1.0
19.926050204994006 16.84421056077757 14.402883868178934 1.0
20.138279470155478 16.81792250550301 17.047796293901325 -1.0
20.297188516500043 16.801717870077898 20.002343073295027 1.0
20.25097710432584 19.714593412870098 0.1666552072655096 1.0
20.09679554541574 19.611759098978805 2.872779962264489 -1.0
19.998916136160602 19.76303579333866 5.608468259397945 1.0
20.111347370168357 19.343756639719693 8.904174119960656 -1.0
20.09511803083512 19.63752545372823 11.659593130431091 1.0
20.017350272303066 19.731735533848962 14.401320088333483 -1.0
20.27824011891846 19.728973158204383 17.131350240629146 1.0
20.1468274680576 19.695950808706606 20.175485762887135 -1.0
