512
22.728
0.23798102841313745 -0.15970565020832694 0.09974730399603687 1.0
0.36103404314464066 -0.1315833992609612 2.932134318984302 -1.0
0.10695645980965328 0.07886651607497526 5.603182830333667 1.0
0.20450280590422382 0.057409440132135545 8.425453080824127 -1.0
-0.08813690855645007 0.0601941314984574 11.299512506923648 1.0
0.25378899788218356 -0.08929574633658177 14.22939465474628 -1.0
0.3211848792032472 0.14778514791563627 16.941302698051388 1.0
0.09029398471657268 0.015949798290582497 19.957921327958555 -1.0
0.06707177675549368 2.943913139968284 0.08440793146649532 -1.0
0.05920081488879671 2.7413589970923646 2.9788417249330243 1.0
0.15703093944047128 2.6793099421790765 5.613780943438867 -1.0
0.02040001625675103 2.796444528655237 8.655765095953662 1.0
0.12667506403255474 2.897623848747258 11.450087800923235 -1.0
0.35312377881034074 2.7671883152107664 14.31930818217158 1.0
0.27586546245724247 2.8759597639332632 17.18404352735154 -1.0
0.29637156534911124 2.8764772958601523 20.018409097468787 1.0
-0.11999841346208484 5.7518222695602015 0.15835147352185366 1.0
0.22104505614582812 5.492248209751515 3.0693138800809048 -1.0
0.12872334235862992 5.357341637558468 5.794302310538514 1.0
0.04245508470910616 5.6671337162790545 8.64306937297829 -1.0
0.3315507477957811 5.922116359279542 11.385843700609536 1.0
0.21773201940175133 5.819385210893068 13.918623109137831 -1.0
0.1713853077336976 5.744691104568026 16.914706528420425 1.0
0.08859702561688781 5.695751747778599 20.11686942095326 -1.0
0.00715263279340661 8.54600154491531 0.20362144497258242 -1.0
0.1532092763183658 8.425505002555001 3.1145640185778776 1.0
-0.09499299983955112 8.4190979364329 5.799691979277464 -1.0
0.021745455663651825 8.499208991656248 8.428282586239991 1.0
0.19714081887347593 8.609935291486405 11.287436669432402 -1.0
0.052593564869332796 8.611484473748655 14.370831791324017 1.0
0.13723833237228975 8.4717753121022 17.15278259123717 -1.0
0.2547370185576946 8.535148472974145 19.91879286854411 1.0
0.08661564620936732 11.507116956166383 0.04712579247618998 1.0
0.3386752036754081 11.342856306891969 3.128102197424531 -1.0
0.06755096535881029 11.467031652090661 5.681780749929377 1.0
0.29971175300291797 11.40377198325283 8.51884659169738 -1.0
0.19732255720918154 11.443313741135054 11.394638021533332 1.0
0.24894409373410134 11.255717144584992 14.161796791126532 -1.0
0.41015739058699413 11.125001715282089 16.878690841066682 1.0
0.13257565780205685 11.421530157357806 19.928959477170647 -1.0
0.25668345724410413 14.083112152011578 0.03366755693874268 -1.0
-0.13464021744197652 14.093662620414106 2.899989167169416 1.0
0.07471214332448584 14.210368806213427 5.615106487000611 -1.0
0.004049545493479911 14.13859498271816 8.497137928338383 1.0
0.07548811619159254 14.158745272588728 11.516813284459955 -1.0
0.20026654067149058 14.289284575340861 14.080441134752576 1.0
0.3749608463611748 14.25664871462991 17.09995942206911 -1.0
0.26288838515619745 14.059691743325857 19.84991792621174 1.0
0.26487971998904525 17.13361670828383 0.13128584238723284 1.0
0.3950012354935638 17.172591589500513 3.086645902011361 -1.0
0.2002307411136505 16.768457498303906 5.8146131179451865 1.0
-0.014727896531189624 16.935554419292956 8.362175137148192 -1.0
0.11991208700425268 17.08023383026074 11.465251390651453 1.0
0.15485713696353814 17.017948790289584 14.09182803096094 -1.0
0.29758973088326146 17.144317379588305 17.19173133555204 1.0
0.41216799292173234 17.32298999375703 19.957499767557998 -1.0
0.35528969468061306 19.80092359593564 0.04556291792370506 -1.0
0.45065317785977865 19.835091940049324 3.05423739045971 1.0
0.08429508100442247 19.966261328403007 5.67640412309848 -1.0
-0.011974649750154498 19.731479702327608 8.528321842940718 1.0
0.04281631324539315 19.714406598971067 11.170067726408853 -1.0
0.16326683712454224 19.796069355860137 14.084140460307898 1.0
0.34253927758164054 20.089395157450564 17.070797917939874 -1.0
0.18288937045800346 19.958937421942757 19.872376043880458 1.0
3.130187388955845 -0.007130592772160327 0.16328670859346112 -1.0
3.157683465923732 -0.07521592252362552 2.9881743426563543 1.0
2.999179247578543 -0.1391254650053888 5.824401496658842 -1.0
2.8088322849334735 -0.20513743455653 8.552130468691493 1.0
2.894735463293645 -0.1488086779970743 11.409314802043813 -1.0
2.885685960049589 -0.018413505014716947 14.026264663991077 1.0
3.0342538369947563 0.17155199754154593 17.178502570774874 -1.0
3.0852926699955328 0.0005529082531196376 20.109091624910036 1.0
2.8325581046145927 2.8536687267065157 0.2546829914687133 1.0
3.336933600257276 2.7423966581806365 3.12180635175813 -1.0
3.151854453123522 2.6101240761565627 5.721078016588377 1.0
2.9469621062994418 2.7695004260072476 8.5811711340729 -1.0
2.811777039739322 3.0222343464846477 11.46126880158844 1.0
2.7587790412166484 2.871542076222007 14.308418402784472 -1.0
3.050835830159279 2.6989710362154335 17.230868635811152 1.0
3.1030495589617613 2.9364878245338653 19.85943766921589 -1.0
3.023356676279413 5.81408101729542 0.3883336899957611 -1.0
3.3126413114638957 5.860951863974657 3.062003588933913 1.0
3.0274135283263064 5.729777865467788 5.825578729453114 -1.0
3.021405962968926 5.685957509718661 8.504158010224783 1.0
3.092593214917383 5.442609649528813 11.48307711506121 -1.0
3.058583416122675 5.6590286733153965 14.408755590883127 1.0
2.9814637567333415 5.705360289242332 17.2567430152709 -1.0
2.8730371130041568 5.9333487744075475 19.982815726596865 1.0
2.939601622990804 8.570079484412672 0.21338619514708093 1.0
3.139163161524328 8.660794447042806 2.9260684777006256 -1.0
3.1060309078509016 8.60832576319067 5.847605092832753 1.0
3.025959763579923 8.42554968176607 8.708964169050343 -1.0
2.7762690279453452 8.438106407551045 11.862803399236828 1.0
2.9034716346256335 8.54918173172921 14.488412323706479 -1.0
3.2201655299047944 8.364804897768439 17.26959050339219 1.0
2.985250214091146 8.587293590652394 20.174857039988805 -1.0
3.2864696508392197 11.552753609605563 -0.16744259506390335 -1.0
3.1983398440328012 11.486783431716965 2.9893000978636066 1.0
3.1270560994838084 11.319704967362078 5.780542201990829 -1.0
3.017211833978034 11.55489063315945 8.833703524691867 1.0
2.9529058398162835 11.426774600357149 11.514870444459781 -1.0
3.0150301420420735 11.518842307639591 14.180337818010244 1.0
2.89258911487604 11.343563307329717 17.39539610889918 -1.0
3.2248070420490627 11.595006749140252 19.909336986880056 1.0
2.9988005367148904 14.07889983626895 0.03589829380111963 1.0
3.017615542531452 14.149025311690597 3.050996294035773 -1.0
3.1345502521140682 14.061896194774658 5.6592019819921955 1.0
2.8576461074470596 14.27847929754323 8.568284647235894 -1.0
2.8947961451071067 14.350449519300907 11.425564623179765 1.0
3.2427278065267386 14.110224940919961 14.327982205670162 -1.0
3.0164636252837576 14.242813731533591 17.101826432229036 1.0
3.0230127603409715 14.433859348921033 20.011349873090623 -1.0
2.871858329021174 17.013243348882828 0.09900461763040208 -1.0
2.920680628151261 16.97437872224413 2.8711122352768266 1.0
2.7918150183039887 17.049264768841145 5.9430322707839025 -1.0
2.7801208287115697 16.95403438148411 8.45270798944663 1.0
3.028914095028121 17.11283650147152 11.552808414723481 -1.0
3.1146801650175266 17.181449333476873 14.352583436153376 1.0
2.9495372602624084 17.341737437541695 17.150176993450057 -1.0
3.1996905138355496 17.1377849298691 20.20419374547199 1.0
2.9446577983088034 19.905342816551897 0.1290141275298143 1.0
3.2275152422855284 19.80526422244503 2.9814509406269085 -1.0
2.9727841245373967 19.653187906566306 5.7545279401380265 1.0
2.8844540515899015 19.56248668907193 8.5483236997255 -1.0
3.0877731517072973 19.747080631248924 11.412237853870952 1.0
3.259109777771935 19.930589498691084 14.261726519009914 -1.0
3.155079800732527 20.08219184553764 17.165354040796206 1.0
3.150243518532039 19.9635482487987 19.93764309435962 -1.0
6.068008338824816 -0.008377782995933555 0.08135620862148045 1.0
6.073734565731355 -0.0962903881485353 2.8785135217494098 -1.0
5.879934279944869 -0.17515505776591667 5.695939891851741 1.0
5.804547758476269 -0.014706021198465754 8.519833381571752 -1.0
5.69265036468693 -0.049263901791519515 11.359604468693957 1.0
5.925166382843216 -0.0168447095199463 14.149226834658787 -1.0
5.868434665424693 0.01723511180977489 16.81004563305494 1.0
5.843647657537031 0.2186760971787717 19.768832800629372 -1.0
5.888527107641679 2.8005273140268914 0.11203902721238011 -1.0
6.0394944325992315 2.779996298292368 3.0260038315527384 1.0
6.0076274764981585 2.865166078917547 5.8113787219640045 -1.0
5.787159965996846 2.5836123861434555 8.489441207813398 1.0
5.78045795494148 2.895354328261425 11.724108673199508 -1.0
5.6579677797241565 2.9207875609031464 14.480256445491259 1.0
5.79416215556469 2.9124508716045265 17.128157894492308 -1.0
5.8058955074529255 2.9455547489771514 20.014031729169556 1.0
5.826407840005495 5.630769155540233 0.14670281450226683 1.0
6.035398910273251 5.730901583181642 3.0179975705933395 -1.0
5.960878464429641 5.637019727459425 5.799395646558303 1.0
5.959675394939478 5.449299890263492 8.720827149603856 -1.0
5.775478024950952 5.636680845505393 11.49178805850372 1.0
5.727023993929656 5.898496729645959 14.4659875686069 -1.0
5.847290348554742 5.5666948292531195 17.167384720013978 1.0
5.9184175488841975 5.726401503192089 20.16480799233349 -1.0
5.8066932168981955 8.662271391248453 0.5625263026566798 -1.0
5.686608874208424 8.651443803707469 3.225412839865835 1.0
5.751143170526603 8.603746347320465 5.895861239574776 -1.0
5.872467295669869 8.392840637464616 8.847703446850229 1.0
5.691125629394195 8.552836254459294 11.57988507489225 -1.0
5.9104793222567995 8.567121522117663 14.379635637654813 1.0
5.875365672752979 8.494930548493315 17.50500716439869 -1.0
5.765155580113451 8.725795471785451 20.429624859103985 1.0
5.85217870295709 11.452047469870703 0.1330092526789359 1.0
5.825455826015547 11.452196483207679 3.052030741329879 -1.0
5.666998514479355 11.556866859497207 6.019800695382637 1.0
5.563342479006518 11.617327402018837 8.70654841302299 -1.0
5.787646411011628 11.364279805640388 11.667673458356665 1.0
5.73854987717328 11.407101441447477 14.564881393766772 -1.0
5.900116770248139 11.441297830603967 17.223723419225756 1.0
5.882991814517578 11.438470283927444 20.1030264079913 -1.0
5.719684801611316 14.473228474619695 0.15101892280478457 -1.0
5.691981258076375 14.228116912222621 3.0285582730242595 1.0
5.869426600053821 14.248238263073207 5.723430964959795 -1.0
5.788131788402715 14.349808117475009 8.595327179992946 1.0
5.867733123664942 14.136568569792978 11.430369795760626 -1.0
5.804024066510773 14.266665420609781 14.343119218222286 1.0
5.651212426202325 14.426073989434952 17.329394672548304 -1.0
5.831048431313665 14.39635134875809 20.0523339998759 1.0
5.713500193639686 17.082934773770845 0.0806529070454528 1.0
5.883605409503433 17.02387054514689 3.113471094555659 -1.0
5.89384114831656 16.949655852103604 5.759799648655137 1.0
5.6818528263269785 16.946762110641046 8.52686318056541 -1.0
5.705614229678378 16.896680227806723 11.502478124401907 1.0
5.76679405639668 17.03562947233175 14.161337681322996 -1.0
6.037669064433478 17.21595151445377 17.31891126551403 1.0
5.980391890707651 17.11989597238734 20.104009338411338 -1.0
5.88796010644117 19.83233608948593 0.25287709542270576 -1.0
5.995800129773412 19.889321442268447 2.886103632322547 1.0
5.924703801126622 19.815106832931246 5.836464043284328 -1.0
5.779625837965075 19.780498656373002 8.520650489662003 1.0
5.901794835088423 19.936889906655026 11.302037702736865 -1.0
5.90761982640102 19.826322040663673 14.17353567444728 1.0
5.94570637459201 20.08918965509448 17.146827403986986 -1.0
5.819392450945992 20.02416314441871 19.895291367692934 1.0
8.702931453760511 0.14950038033151364 -0.10475422129678691 -1.0
8.89274872169188 -0.04841118374899622 3.0657618310065335 1.0
8.700389313258936 -0.007932250330789425 5.776590864122191 -1.0
8.645658354635733 0.03349845429867468 8.852674801096452 1.0
8.763967249726152 -0.15754324915355156 11.607291639650407 -1.0
8.624390869909307 0.08540618778149786 14.265806831788296 1.0
8.653544601743977 -0.143986234384748 17.093769270858992 -1.0
8.613309413979845 -0.01761439800099751 19.820916207651635 1.0
8.77963829593742 2.893802801291219 0.40047050142518176 1.0
8.704614013237142 2.690557795977706 3.127431735790615 -1.0
8.65646169147319 2.5749768426257535 6.093515484571881 1.0
8.703989749775713 2.7234642715961 8.816575429708404 -1.0
8.615130707316116 2.6614018393458125 11.752168072195799 1.0
8.625358418689112 2.855789635737133 14.394943960146126 -1.0
8.856820331280144 2.59300313784808 17.20450195203337 1.0
8.976082094364612 2.7286023682560314 19.70931708959043 -1.0
8.76401999559988 5.73504153717587 0.40123682206903477 -1.0
8.791190163330105 5.692546288387537 3.1032015119561582 1.0
8.704589995278093 5.7446257893974675 6.021162363055193 -1.0
8.601523232043096 5.495502235633788 8.689029047126402 1.0
8.661505004249388 5.63027996206124 11.63963193997403 -1.0
8.591489951689383 5.660500869861897 14.25917293432286 1.0
8.819018161901651 5.741400738338408 17.23829269078798 -1.0
8.918228554400093 5.615193612654462 19.887622285224065 1.0
8.58166020544448 8.434653791017462 0.43004869493009784 1.0
8.896319499990533 8.750200368308027 3.3966097324349485 -1.0
8.599028611501682 8.456067905150764 5.951284787890046 1.0
8.675167378531635 8.313285954100184 8.71483088762414 -1.0
8.682516263257652 8.654594127582408 11.39623913400431 1.0
8.66233959910507 8.501286639895467 14.208010606065564 -1.0
8.440428311844997 8.58714293044753 17.157065182719776 1.0
8.755810655204575 8.381531795056874 20.367218673356998 -1.0
8.73096261775542 11.422518167361178 0.0971100314634325 -1.0
8.678513318180523 11.322092670438908 3.197072312897554 1.0
8.682208680172431 11.346688127490909 6.058175087653434 -1.0
8.54413888898926 11.326616128999557 8.623783332359123 1.0
8.591986183588777 11.445748080849361 11.42476224459899 -1.0
8.822217946520514 11.356275379117168 14.43354221766198 1.0
8.575164610432116 11.389114139728258 16.971699453735997 -1.0
8.83854591169492 11.357035037266561 19.998374855988104 1.0
8.596978958348098 14.2861725465268 0.2931852098969131 1.0
8.687544589056882 14.283463194382835 3.028680137857491 -1.0
8.691434709811173 14.20882499468204 5.853603512730862 1.0
8.560994071799296 14.218976800536709 8.691226060159051 -1.0
8.589237653383028 14.249845202066448 11.45016308803955 1.0
8.700266015573833 14.097469096778829 14.223574521224355 -1.0
8.650754819777116 14.47257980898072 17.06549687211447 1.0
8.806021992631484 14.252421135871634 20.06897371404831 -1.0
8.809232767267451 16.912916252268236 0.19135484149014564 -1.0
8.697130937355373 17.10943905092174 3.1113134854235587 1.0
8.757720174757642 16.895701536550554 5.918409643994512 -1.0
8.788820472422206 17.056169946161695 8.655141816634805 1.0
8.532065528591135 17.034138348475345 11.589023310106594 -1.0
8.57164781150993 17.070099361573448 14.238670963962376 1.0
8.617327469883065 17.161628218585207 17.039887678867085 -1.0
8.828573450467823 16.934362169647066 20.024457739462065 1.0
8.842096883989711 19.680642002534487 0.12445510115001344 1.0
8.845640183311792 20.092533750539868 2.878290537887117 -1.0
8.688675401065085 20.108107511318302 5.960166346172141 1.0
8.673480693010744 19.870079549725062 8.727583189446726 -1.0
8.784809637467793 19.86535111933886 11.511881670321566 1.0
8.807644792093075 19.70668980859386 14.3200815427395 -1.0
8.938591430994457 19.888847048604994 16.951369618097342 1.0
8.713605913650625 19.793825280229893 19.67972478677217 -1.0
11.340445411461078 0.07092142185315095 0.10954616850125615 1.0
11.551663683789307 0.09448709992784651 3.055908732392859 -1.0
11.587321576013494 -0.07313060626734824 5.771855735439996 1.0
11.489333487136678 -0.24920509540320168 8.645598272360393 -1.0
11.648012342903852 -0.1440232127464185 11.469272164217175 1.0
11.537188516036066 0.2525122269997336 14.108325766344207 -1.0
11.631600584327156 -0.08780827042997075 17.1131621952359 1.0
11.679813288425425 -0.16539561903747213 19.873991857583043 -1.0
11.541218814115233 2.9519835990830763 0.1695622018373083 -1.0
11.599727456934113 2.912477837203863 3.101628157564317 1.0
11.565481648313638 2.6729054310917686 5.925513241898359 -1.0
11.599855667969852 2.898519703681453 8.691326679132283 1.0
11.573389578929769 2.676790247500825 11.503159304105347 -1.0
11.400106191039205 2.851606396282241 14.216363187819566 1.0
11.527084372889984 2.5542172090554645 17.34081421777066 -1.0
11.700840359364125 2.7724640033561077 20.012355992886203 1.0
11.603330277064373 5.66267995972214 0.1962893710741181 1.0
11.513082946552009 5.543797448713065 3.074268462370458 -1.0
11.455783396475992 5.433866628212332 5.966844487833575 1.0
11.51326026741771 5.470289687549181 8.788364509803515 -1.0
11.332503847140092 5.822657002921385 11.607837564932256 1.0
11.491598156248523 5.673863880515479 14.343225478302152 -1.0
11.540635267545564 5.67371554585742 17.207534657529376 1.0
11.655840453362663 5.540061822983268 19.92258605622164 -1.0
11.589464112511536 8.570369507382548 0.29625451980042833 -1.0
11.579427086062656 8.362952752008828 3.042055664529228 1.0
11.32596541012395 8.577190416382956 5.994715527262847 -1.0
11.468538605967957 8.591212889963527 8.758249522452093 1.0
11.357098088801841 8.664445416834967 11.449413071273906 -1.0
11.414547869360252 8.524858526530448 14.335625260480432 1.0
11.604276623785648 8.54948587156184 17.21105480600357 -1.0
11.437179184031411 8.38750413707316 20.316163290055737 1.0
11.448835543024533 11.193204464151604 0.0838047356385482 1.0
11.411064126845607 11.252070794095328 2.92787617009821 -1.0
11.450687072110451 11.278041742946394 5.7026356201341795 1.0
11.32412354385658 11.335321145859611 8.770740208941389 -1.0
11.569497425338085 11.398902773408125 11.375969443137057 1.0
11.603365353337475 11.128085490622643 14.340903386683761 -1.0
11.631872306974543 11.190345614326548 17.212693284300382 1.0
11.613659542015066 11.094208646161325 20.050746808999907 -1.0
11.586252349293028 14.384996741771827 0.200536303740722 -1.0
11.559819810782459 13.824719404212146 3.0416315181194142 1.0
11.563772252651315 13.939770842535681 5.782478038847122 -1.0
11.413482812219595 14.088431492770672 8.56236579170554 1.0
11.394982469263747 14.319249140009868 11.494405066364948 -1.0
11.436734956764345 14.001299575758356 14.235669140232824 1.0
11.597371058207553 14.364759824404857 16.927459233113378 -1.0
11.749877618609768 14.209434831536086 20.18593946526446 1.0
11.486892668512507 17.007183836474322 0.05242340599265481 1.0
11.481184098959071 17.196973247944225 2.7038420287901013 -1.0
11.445382167388807 17.258000120023425 5.874772636019545 1.0
11.494365242226218 17.03554961538181 8.641553954594222 -1.0
11.48664820501952 16.95095195005692 11.590002983160854 1.0
11.5915828862784 17.04056053743635 14.18497058690627 -1.0
11.631930520262081 17.01896448762595 17.169147005831714 1.0
11.592255202925124 16.765260632480032 19.703663592281554 -1.0
11.56989208036359 19.875574983313715 0.010521679684725074 -1.0
11.548339717992736 19.908425750526007 2.9518882030353026 1.0
11.206781068858271 19.86237478870266 5.470363072348289 -1.0
11.44644361790073 19.943140656169373 8.534218681863353 1.0
11.577671577939375 20.055196792274526 11.327440242354973 -1.0
11.611461597877286 19.98345862778216 14.184096300939819 1.0
11.778835068928853 20.079175076266495 16.871409417492732 -1.0
11.596442160966815 19.966040351918164 19.927935668356486 1.0
14.27683477185339 -0.046334949531445346 -0.004815025889702439 -1.0
14.329664595045502 -0.25282792852062386 3.1510705435165547 1.0
14.324868329873672 -0.06122035091105715 5.8959211904266295 -1.0
14.274507367737582 0.10086062672874177 8.700116022980904 1.0
14.454279443413379 -0.09985728253773019 11.39428095709581 -1.0
14.39708859290953 -0.10126398289441596 14.164335963465135 1.0
14.679866122101108 0.09296737896061703 17.026300482267615 -1.0
14.473924666677709 0.07629369443756479 19.700382191447197 1.0
14.428724861893347 2.772970687353617 0.12290761182394828 1.0
14.285060789437328 3.007186140577477 2.9324077907517734 -1.0
14.384624178516512 3.0749901423754005 5.573088765213136 1.0
14.336893980305641 2.9843457838700655 8.474025294865832 -1.0
14.340326950441556 2.803481063008778 11.532721321493609 1.0
14.386910190554493 2.6961837973385054 14.327744737004021 -1.0
14.486747179277081 2.7499335661636466 17.090427217916325 1.0
14.456799014045343 2.917901140164345 20.014868705063925 -1.0
14.386506454160441 5.605807828283159 0.06339079536228807 -1.0
14.337573563964316 5.599260385650886 2.868150250345444 1.0
14.234661308732127 5.823031143194026 5.92725447084232 -1.0
14.369112294346357 5.756191392000031 8.630758462822874 1.0
14.289703982419868 5.908328615690561 11.506598525305941 -1.0
14.26056744980189 5.518022358592778 14.458820784687651 1.0
14.367968172097543 5.794634027577652 17.239833441654778 -1.0
14.33498441022182 5.766602693961861 19.8612104478667 1.0
14.363344274603602 8.486014087140354 0.12569346527851522 1.0
14.23671797145255 8.327652635292212 3.0123108375195113 -1.0
14.190219770938336 8.49269322242318 5.815451622523329 1.0
14.378030219303918 8.67590212507 8.647199981600304 -1.0
14.404675652981043 8.693894868679939 11.435172059966293 1.0
14.265954345871956 8.678499029133704 14.212959987345489 -1.0
14.165244953897007 8.451570287352638 17.000159375152393 1.0
14.38126595718518 8.37705944513616 19.960665809841423 -1.0
14.426886351120396 11.307676874257117 0.1833686572565688 -1.0
14.462907170501817 11.121529444852534 2.9438939478015254 1.0
14.345532135615475 11.228800026550626 5.9445339001444095 -1.0
14.632622017939173 11.565537109370839 8.659038409914086 1.0
14.339370091123353 11.45452639146445 11.472569132679224 -1.0
14.32326683947325 11.343995604545341 14.122509606393528 1.0
14.405084776055002 11.530581350783045 16.957551901208145 -1.0
14.473138603701578 11.36678243812098 19.951924247422628 1.0
14.076311817128513 14.227403581319022 0.46163746253745797 1.0
14.416170766386434 14.088037502324966 3.0661114222215304 -1.0
14.414486413728957 13.95350913618399 5.918376549330188 1.0
14.510930778717713 14.121668383602737 8.808936806363919 -1.0
14.185373378738388 14.369959921779293 11.6640731239623 1.0
14.35480780352427 14.038188919711049 14.152583224995691 -1.0
14.320950673475584 14.217297105494117 16.835620337553706 1.0
14.426188469651402 14.219487548954852 19.87651778745953 -1.0
14.238775383213987 17.032244633471276 -0.03169113651443212 -1.0
14.181486988869167 16.919958375143562 2.848505799314559 1.0
14.174949771972052 16.84262168346295 5.777637378324741 -1.0
14.467105415384541 16.988819362577665 8.678486065677173 1.0
14.328601995415744 17.078969718463956 11.519052634899715 -1.0
14.392487277062742 17.11754351989788 14.29537322980513 1.0
14.640935079618934 17.01025944537863 17.171448857174358 -1.0
14.51896609747161 16.944546684420065 19.931635223677425 1.0
14.00707230194299 19.776096051353615 -0.01042536813969619 1.0
14.297151662308274 19.630238398457 2.907480467230274 -1.0
14.490657064340857 19.82580344316024 5.562678750568049 1.0
14.340533811328656 19.737838310297075 8.198375075767347 -1.0
14.345291111844933 19.845598340701738 11.314838808518028 1.0
14.540983501694484 19.870567085326236 14.289474257219371 -1.0
14.552842152844484 19.85673812113673 17.134502148969204 1.0
14.249824038974522 19.906590494989363 19.747711553586043 -1.0
17.325421982815257 -0.290975816425199 0.03646151577323725 1.0
17.163143408402384 -0.015133894973178741 3.0207589418145075 -1.0
17.274486706653366 0.06738537349839568 5.913582401650554 1.0
17.185373496926548 0.10019323822331277 8.523854946445471 -1.0
17.257958127372813 -0.07896449978218101 11.496558486883306 1.0
17.504526132278947 -0.07401194805038003 14.214987269827093 -1.0
17.21447379954007 -0.2645192817233202 17.028278517032373 1.0
17.202631954187872 -0.08359042513388815 20.078938737373026 -1.0
17.262016789423917 2.7257458786591 -0.09928607394375888 -1.0
17.16876029903181 2.773758477043356 2.8891365403335234 1.0
17.20588926043008 2.867680780990045 5.685092869915884 -1.0
17.331947128181728 2.9141051619360328 8.732736036215375 1.0
16.985569428554797 2.8376527659134663 11.490789049486393 -1.0
17.316817409360144 2.7366667482424547 14.341391773857175 1.0
17.31372987347681 2.9925006252746655 17.223521226732135 -1.0
17.227140213507223 2.9243726360036346 20.119172924925635 1.0
17.16776807527307 5.7393527442339485 0.18715418580614035 1.0
17.283922009094457 5.684278846222544 2.85096764970844 -1.0
17.062140049574463 5.565355967713219 6.127541263941933 1.0
17.08614960993525 5.694595177597419 8.636011565351351 -1.0
16.821120196910286 6.047250950585681 11.507742786713974 1.0
17.178074757722708 5.59963171809427 14.337321779091544 -1.0
17.422681671778143 5.664153137800505 17.23410153116282 1.0
17.443564224316088 5.923133956845846 20.08566294110993 -1.0
17.05910993306409 8.451941589067138 0.08925449122417221 -1.0
17.291091880282718 8.470790803499119 2.9406550703049317 1.0
17.147325941066878 8.518679655131951 5.8574497706735675 -1.0
17.181307920659002 8.744063250097446 8.711473583112875 1.0
17.1616525420081 8.877796419222765 11.207929039787794 -1.0
16.889881095570903 8.73555106188811 14.474406862841837 1.0
17.317678769477464 8.516337350497164 17.184688647066345 -1.0
17.223742746548062 8.366997584604281 19.98021384748623 1.0
17.06056932897679 11.3215841538551 0.10399201309574022 1.0
17.40613299635479 11.228327474973106 2.9311526310816163 -1.0
17.212829041439363 11.318098100463292 5.67204977811816 1.0
17.368416977116507 11.342012137109384 8.542349786012744 -1.0
17.222819746622758 11.486769775719356 11.442439546492237 1.0
17.2561790852053 11.42162560118271 14.284081204637022 -1.0
17.256802803301593 11.290228960846525 17.014976008172265 1.0
17.40121522771429 11.296398281876415 20.044675078825158 -1.0
17.279381905097463 14.197713525506188 0.08912102677609873 -1.0
17.20880434310465 14.222295522909233 2.8591848050208744 1.0
17.408661675696365 14.156091422496072 5.837560418903938 -1.0
17.23145611734431 14.309499746503887 8.51002342291756 1.0
17.181669116047242 14.10851366757751 11.212305420826329 -1.0
17.301119477505743 14.127878403760691 14.07712670664885 1.0
17.616425194026164 14.02810949309582 17.05709953269712 -1.0
17.345578432986038 14.35465698621636 19.887627191506667 1.0
17.5313204363358 16.950376080555685 0.23999378136318258 1.0
17.169842067549002 17.063358642993126 2.8554670148614223 -1.0
17.141115951571404 17.15965679000369 5.7242707409739655 1.0
17.326113274697374 17.264889889905586 8.595153331471728 -1.0
17.360931277368078 16.89818372729931 11.27744199889879 1.0
17.194867081488432 16.80985513545685 14.050901763603395 -1.0
17.45759974949098 16.90879404094132 17.243774924132072 1.0
17.462367072609215 17.003717011440713 19.960007787973765 -1.0
17.54398865370976 19.668437307667098 0.23390382647197724 -1.0
17.38081887125692 19.946037751652604 2.9119598419617843 1.0
17.22490640536101 19.807089915439843 5.75296075252748 -1.0
17.266003916317096 20.168359264350872 8.460457713146566 1.0
17.219765953142346 19.992197026435512 11.310972370069194 -1.0
17.19732988736408 19.778447263837453 14.185111738130752 1.0
17.285403953202202 19.76571458810929 17.231336681242613 -1.0
17.188259351351192 19.61108414494329 19.849121507117975 1.0
20.224281085774816 -0.042840728770471515 -0.02412606461599509 -1.0
19.928413614739643 -0.05139464545877459 3.2014658470897475 1.0
19.917248306477582 -0.20939341364202946 5.811115695179165 -1.0
19.933823672986605 -0.1235895811032357 8.710147806740183 1.0
19.961779104293836 0.06740404102615105 11.358560447345301 -1.0
20.140575267581717 -0.21728691346530127 14.360928280477982 1.0
19.9243531875672 0.03871574923103904 16.948788282245115 -1.0
20.183432450193934 0.26574983913392364 19.993350809003253 1.0
20.190373459235413 2.8280240356067745 -0.01352398216657491 1.0
20.11268435108607 2.7024261001077794 3.002095436868798 -1.0
19.76134523824316 2.8274560239569704 5.8008246744681475 1.0
19.864085208714304 2.825420434188708 8.580053141088614 -1.0
19.92948266363977 2.7465912734260645 11.74091907400008 1.0
20.18125960677763 2.68712894016293 14.217522871362416 -1.0
20.170007974768126 2.8827605241320753 17.083823784395257 1.0
20.155447059441798 2.964126244206628 20.04039681420167 -1.0
19.950500745298147 5.596696141675085 0.22866053810399617 -1.0
19.999026710009236 5.428127169428043 3.1615358616809757 1.0
19.67222973007575 5.626786262225732 5.728272542307488 -1.0
19.955246441904595 5.746107652980845 8.781312547705596 1.0
19.620015521344975 5.681240484836482 11.412182035911355 -1.0
19.916539812164743 5.8120792069646505 14.230066000748172 1.0
20.132900234827446 5.6643325269756675 16.914577192349878 -1.0
20.01762493517644 5.746809329917174 20.02420346414533 1.0
20.04612600880862 8.482196664298316 0.15506298177207703 1.0
20.17346706814511 8.361240210925812 3.1558035983478123 -1.0
20.00839924560431 8.272460751785966 5.8053045432269625 1.0
20.09162381768331 8.524283992839349 8.53164542514223 -1.0
19.897930139979 8.510103706390534 11.29528281252991 1.0
19.88664158336068 8.627799513640076 14.17831112042256 -1.0
20.212742780031395 8.678795253377363 17.129798791149746 1.0
20.17637971881834 8.503148453687999 19.8175974904986 -1.0
20.048804994741392 11.282909068405388 0.29125815689218576 -1.0
20.358534234856016 11.01041943357388 3.0024046942877654 1.0
20.097849633133965 11.28718621943332 5.781579744500449 -1.0
20.014135810475146 11.373956941827354 8.506573265395772 1.0
20.15137214334194 11.26789310177571 11.421741617178878 -1.0
20.201613830411638 11.420579862412872 14.076891758401732 1.0
20.291820667668613 11.339187889210264 16.988053399102835 -1.0
20.19492497149857 11.184829808268649 19.985934198607186 1.0
20.029482414289134 14.009565257217858 -0.026724854542965915 1.0
20.083110829834453 13.957592915826252 2.724657900210789 -1.0
19.972331146492706 13.915570649983312 5.584858770874255 1.0
20.201167258661528 14.276526872170713 8.524331515244308 -1.0
19.928851140662342 14.178057754695706 11.376741772266143 1.0
20.073567906136706 14.191262992689431 14.28269924556633 -1.0
20.28387492660786 14.17256632349004 17.25366610573227 1.0
20.402245351038683 14.158502584212705 20.03357722158787 -1.0
20.10317537084202 16.862154436604296 0.14598586639026281 -1.0
19.99361554226484 16.894116001846996 3.0008884928785213 1.0
19.91729064229326 16.959652331068074 5.574172356462711 -1.0
20.088940852512618 17.13051203515203 8.557716470819408 1.0
19.93607227132606 16.908148115418925 11.522656741978436 -1.0
20.03074150799981 16.91679426738953 14.355475564358668 1.0
20.1789075797611 17.13994260125447 17.195747247662965 -1.0
20.424089409984017 16.875115203355573 20.15656561801827 1.0
20.210786690082884 19.8871876906814 0.1019859929213529 1.0
19.98494178419198 19.948381698543063 2.895343298550004 -1.0
19.95496704034924 19.79713057274442 5.8901392827508126 1.0
20.090062433609205 19.90180098905204 8.455967548818395 -1.0
19.995951342476562 19.875910999381578 11.577244657610844 1.0
20.10442800739379 19.70499396613668 13.984779895144241 -1.0
20.09804073001582 19.83178893883157 17.214574314841684 1.0
20.165492749269117 19.85956253881607 19.94591726216713 -1.0
