512
22.728
0.32461893262501523 0.040911556127840164 0.05728257579973222 1.0
0.37007589114183836 0.0467046014829459 3.2753553611766915 -1.0
0.3084211380188244 0.12543168569123836 5.863525571419376 1.0
0.34448354041089824 0.23089273666542742 8.727174272056176 -1.0
0.13807636005538756 0.040068951663851236 11.400807294354657 1.0
0.2439990464565205 -0.1123013049695345 14.31132137016586 -1.0
0.11045819794727803 -0.10046079923816364 17.123432677654137 1.0
0.18774562717260196 -0.27343237667615483 20.000007315051963 -1.0
0.46467097943344815 2.811616171452149 0.06776655660922398 -1.0
0.3603060657508436 2.8959152796358953 2.9855154513922595 1.0
0.33761765737429866 3.1438735093444667 5.538512996298847 -1.0
0.19410644084658524 3.0335466351498956 8.441902625503982 1.0
0.035914153122211696 2.857066814010118 11.403095753702734 -1.0
0.12958361967624815 2.9198155877798966 14.461986232743053 1.0
0.24429834578227327 2.8082555602808483 17.27756214326964 -1.0
0.30909777565234176 2.734142152855944 20.04184243185114 1.0
0.2952318167786432 5.965835915357508 0.1230640723564231 1.0
0.30796948881438635 5.636908810812648 2.9452098104860545 -1.0
0.20044855288326405 5.7329792621284765 5.688425954258629 1.0
0.3110730646971321 5.724048437201893 8.567146102165509 -1.0
0.3295691793148421 5.52892564105793 11.453722126768142 1.0
0.25250199404575047 5.660178841319406 14.390394475562342 -1.0
0.3360059928917061 5.691721605888661 17.055616276292945 1.0
0.19743178086561286 5.691867084937635 19.89343247137926 -1.0
0.26674809689140205 8.631463061648692 -0.07084286423939545 -1.0
0.17931088145150662 8.445606931426457 2.997899526380561 1.0
0.13147359617137824 8.56654186580151 5.925094061939458 -1.0
0.12345109559081363 8.56632287608305 8.794974458679613 1.0
0.27117185685783046 8.576905883578666 11.42057750214851 -1.0
0.17815619540971048 8.521531091033811 14.237395686550284 1.0
0.24180596462092047 8.62265316806787 16.921929657209986 -1.0
0.33156434851679145 8.445842708470778 19.94851439201146 1.0
0.3641463755747691 11.601774936991031 -0.1598670038790715 1.0
0.28480996384605894 11.523451753286968 2.629986618343727 -1.0
0.31933348820882534 11.332399180745046 5.707272058663876 1.0
0.2777768947248933 11.317459231751915 8.6861866164054 -1.0
0.2814232905629443 11.305143929939199 11.661916505483829 1.0
0.29446024831274836 11.427811876722817 14.157177570554301 -1.0
0.22646758081228893 11.391310887953507 17.263569118486576 1.0
0.3725776282572266 11.372596444062074 19.9073565983836 -1.0
0.284029426623464 14.273420464222937 -0.09618181728338726 -1.0
0.5200390765943821 14.198455682306939 3.093018706589999 1.0
0.3137132042933166 14.266525964361973 5.856163468051048 -1.0
0.18578810751955016 14.1200400890899 8.653317250818175 1.0
0.3945762306681663 14.151600987243967 11.50438292057882 -1.0
0.0974318663479763 14.38848131083715 14.282206668407543 1.0
0.32652008408549077 14.280049474725365 17.08592658618426 -1.0
0.4096609487131223 14.064381753575418 19.84429716352967 1.0
0.3245843908692236 16.982783767995333 0.17211891105410837 1.0
0.18600696565151584 17.033631039793107 2.8915612144171465 -1.0
0.22608612667978467 17.219957521176532 5.738017597169976 1.0
0.06968001469660236 16.992234874905012 8.534832950219839 -1.0
0.20169910189305768 16.98960313817801 11.330654805771582 1.0
0.21493825177090073 17.02775747418407 14.367860127344217 -1.0
0.4139508364643672 17.266755978856974 17.154010240630413 1.0
0.444456612883214 16.99102442369037 20.086262393538078 -1.0
0.2876675876622326 19.94899680499979 0.17340417663389285 -1.0
0.08127653262834561 19.87626293026677 2.977682993548386 1.0
0.31489578067677454 19.908419741383955 5.854123896763174 -1.0
0.3434484781813059 19.854228866575827 8.789177045793705 1.0
0.34120229708161853 19.912824751394044 11.436035434213041 -1.0
0.2959923285581508 19.78044143242406 13.958511099160724 1.0
0.3082272023578399 19.780876964067335 17.07867935652094 -1.0
0.4208260045695396 19.855204139474157 19.90443779231982 1.0
3.1201507114905134 0.1561612237967461 0.1853134923974621 -1.0
3.131741988869745 0.24264852089524744 2.992065284600996 1.0
3.271976685971551 0.026453706153902808 5.976122065492479 -1.0
3.17302963235754 -0.17626146348306548 8.822053312845584 1.0
2.9608771431718632 -0.19469144272487426 11.54289853321882 -1.0
2.7239673944601575 0.31003975573511616 14.42187199361251 1.0
2.8650484524981943 0.04672558392293349 17.332383062628487 -1.0
3.1199922412640206 0.15150092598303344 20.175640701337368 1.0
3.141941019706582 2.887828288832759 -0.08171007988661572 1.0
3.06978455202232 2.8973478031259154 2.7600420579167326 -1.0
3.340780057044238 2.8715988768789162 5.804922123477401 1.0
3.1358100042052763 2.8921498023028502 8.559383204825568 -1.0
2.97890350227371 2.7452275209831214 11.220772380335967 1.0
2.8247059333010505 3.0619562722857285 14.426539273729169 -1.0
3.023835934455472 2.9179880057531107 17.341790282500423 1.0
3.215946338824426 2.8780469090003966 20.018340545926456 -1.0
3.1649410770956075 5.925169780828055 0.19872697274132162 -1.0
2.9981513528578065 5.4855561541293545 2.775186555160395 1.0
3.1530730379855316 5.799687666485229 5.632387805261102 -1.0
3.100010418193164 5.9664143747344385 8.540770660461344 1.0
2.948633155997435 5.466692995208448 11.500805405603055 -1.0
3.1685357478973164 5.893194658009556 14.162890871884382 1.0
3.360608272271978 5.799738236049824 17.122546498177694 -1.0
3.127714415834131 5.932460303358156 20.086190866910677 1.0
3.0285898622785035 8.56966928355373 -0.009666449525447263 1.0
3.1545003937438625 8.550499509127796 3.0741818353628876 -1.0
3.0447307886982897 8.583339148287664 5.854921117723648 1.0
3.076720345593795 8.752357579426699 8.59332043513376 -1.0
3.0370046014568675 8.29531899633685 11.446895451628714 1.0
3.005256581130141 8.559474384993209 14.343450004316262 -1.0
3.285128516249926 8.530041883705655 17.105915395989314 1.0
3.2179437927405052 8.50675313365311 19.854743733727428 -1.0
3.089830395054027 11.368357572579637 -0.02789429805316246 -1.0
3.2010380916757324 11.302315027935654 2.705728718588738 1.0
3.029280255828518 11.444902644368858 5.544795709852221 -1.0
3.2065281187448864 11.393823382321061 8.683279355078133 1.0
3.1646569137001226 11.345038478653143 11.571250633957877 -1.0
2.8816381867731513 11.354874879697258 14.285634340279872 1.0
3.1829505746227778 11.435565809337778 17.14915710101314 -1.0
3.245465317062276 11.164775620664194 20.03350405896188 1.0
3.292806774852098 14.272952544287715 -0.05335025553057804 1.0
3.2514166429292164 14.241965845751023 2.779207914470427 -1.0
2.9873426614279883 14.288247285472346 5.735117747537172 1.0
3.042463536964821 14.223641730282974 8.529883564427989 -1.0
3.0234717025390174 14.264718728155797 11.488216008594398 1.0
3.0245370254802855 14.33607895896947 14.348321262900566 -1.0
3.1797644793564386 14.486860183843758 17.0765556307019 1.0
3.2551625218616493 14.213137486200942 19.896217347339956 -1.0
3.3510307554787024 17.052697972772027 0.2545854220079231 -1.0
3.4040617104469666 16.95909955273212 3.020311062018534 1.0
3.4168616352583094 17.097604596090076 5.689975338418841 -1.0
3.1114720462527616 16.967602426823465 8.563721856790687 1.0
3.137877447371901 17.000361876561175 11.465275451269365 -1.0
3.2092601281630375 17.06994377673276 14.251956886088724 1.0
3.0473268431345044 17.0603909368006 17.099316439425706 -1.0
3.1688975718360677 17.13356510893236 19.978274408013974 1.0
3.198527161091286 19.6982626933235 -0.20202352817029734 1.0
3.212394923330371 19.912205811405677 2.9546022760081905 -1.0
2.971830245325633 19.984180934525032 5.514455747550962 1.0
3.095801877446443 19.872732050483823 8.426771549066155 -1.0
3.194910932424918 20.046713920083416 11.473008124643188 1.0
3.159259943385748 19.75762845989272 14.165467393453323 -1.0
3.0693785291729205 19.903348841124952 17.0027001518965 1.0
3.2911448990353245 19.95681702926818 19.839445861771686 -1.0
5.860509639810134 0.04615938179097759 0.030854676217657313 1.0
6.037923064812189 0.08196611062840502 3.1350760458482503 -1.0
6.102680870119031 -0.0819164248152191 5.9714853479024 1.0
5.864244070995373 0.11719796508688195 8.768377037136524 -1.0
5.8565436659644865 0.16578089189524395 11.623747519697766 1.0
5.64170690705715 0.22158368743082574 14.335830017972716 -1.0
5.7343155660342475 -0.02114832662821442 17.377378965587802 1.0
5.821133430085928 0.13027542238037587 19.930458064288576 -1.0
5.976059968124329 2.9399243166853597 -0.007209705921319198 -1.0
6.048540234230198 2.9133406750202133 3.03799799009529 1.0
6.168602249083706 3.1282206804597203 5.765558105653996 -1.0
5.968502370564032 2.954060043331199 8.671872530888336 1.0
5.881857724729263 3.0642865041939653 11.313630241327116 -1.0
5.712429626641116 2.904696650229292 14.541672381809644 1.0
5.99227562603908 2.895506444527262 17.213016525585534 -1.0
5.9414242284523 2.8610398683555287 20.09210331160517 1.0
5.914756473592316 5.744793401152387 0.07437297227668817 1.0
5.973519409511941 5.554262419698309 2.683706750863827 -1.0
6.164794325098022 5.831951150130738 5.683198678118578 1.0
5.991985891263723 5.857578927322445 8.484785212852078 -1.0
6.08461433805427 5.73762624165776 11.441091944588434 1.0
5.711196669288443 5.933082183008696 14.184440777743761 -1.0
5.9654848784332755 5.74612448430648 17.15759623154603 1.0
5.980947378004645 5.841321404601127 20.03843338978561 -1.0
5.669526378168365 8.612389124069754 0.08045543226383947 -1.0
5.728418326591361 8.56901350070322 2.7133065341281855 1.0
6.054747858628448 8.591014204130213 5.654776802960738 -1.0
6.069480934801967 8.338180616494597 8.568303706210182 1.0
5.821508222631984 8.276919923775752 11.295681176218523 -1.0
6.032477970017868 8.51829872600025 14.228710586309958 1.0
6.088778742632838 8.592619117663627 16.988846177179546 -1.0
6.02983618670292 8.687279166154692 19.91187416683887 1.0
6.096036441059574 11.272312203215314 -0.07446015517481896 1.0
5.984292442830166 11.277590530469274 2.8110610263526294 -1.0
5.885047842461415 11.409644465676662 5.586659780478033 1.0
5.993806579753727 11.345430868716722 8.409362040152727 -1.0
5.9854649811543945 11.212911193305462 11.087025596267052 1.0
5.8924013859477204 11.411774421673746 14.269228977864971 -1.0
5.912272086406253 11.51205381348214 17.056461619622976 1.0
5.9815519778139965 11.4007552788023 20.0599584874456 -1.0
6.1305013610215875 14.219083028663327 0.19902707129711888 -1.0
6.02046702519647 14.242014948388334 2.843419234097805 1.0
6.005474849853802 14.143569288375518 5.74454800725116 -1.0
5.7404745547038445 14.121174491148713 8.446106841173176 1.0
5.850227641984498 14.098156766933958 11.367150175278251 -1.0
5.810167585381464 14.120312750383725 14.13747178696987 1.0
6.069816406829344 14.05697486285735 17.1715963935737 -1.0
6.1269976751534125 14.18146938406351 20.03587876910929 1.0
6.254499294368149 17.010203841050544 0.02773511931872424 1.0
5.9694742549551 17.20212675095337 2.925397977758375 -1.0
5.99282034955447 17.261514132742672 5.835682427523819 1.0
5.977093847611048 16.90858578757253 8.487114969969545 -1.0
5.992149521964568 16.872242549887826 11.450613871799705 1.0
6.087916194723237 17.01834100455103 14.462545602546596 -1.0
5.941619005917534 17.103085842774753 17.172955966238487 1.0
5.955214265070624 17.28783799522893 20.00851407406899 -1.0
5.879465380976338 19.93045793776804 -0.25627822415184554 -1.0
5.910817397779069 20.011541663960045 2.9146717793765706 1.0
5.945612805131468 20.213296926726258 5.662002561644729 -1.0
6.059269921325321 19.947672924772963 8.486275228197286 1.0
5.985943109805352 19.75098064601769 11.35260930567245 -1.0
5.828678282943761 19.82114772955886 14.27647210044069 1.0
5.974715607649035 19.739052468548106 17.074714431521073 -1.0
5.965043241478005 19.78490516293474 19.794968695794893 1.0
8.686770330950317 0.2715709170884278 0.08470855771802166 -1.0
8.786421744325105 0.2057328593684604 2.982419298224736 1.0
8.756351428813689 0.10420903658516756 5.702733180470033 -1.0
8.812045012932618 0.004508955681629345 8.554529192051177 1.0
8.733685050445029 -0.03517792799722841 11.342347821129838 -1.0
8.546161031593083 -0.05320403924619299 14.31251183492358 1.0
8.817586258836588 -0.0421090034047964 17.385237503778956 -1.0
8.644293176682488 -0.14477772097561825 19.967676348469386 1.0
8.584987337297305 3.0794317692324804 0.005971711058990081 1.0
8.720080679419848 2.927694460704417 3.0356690327083564 -1.0
8.93890845249498 2.8043946566463034 5.624689504347837 1.0
8.54442954289731 2.807521054061859 8.610468223341988 -1.0
8.547653169634007 2.929849735564865 11.491249089519934 1.0
8.593867727187527 2.781257093977701 14.208305022502024 -1.0
8.637779245618557 2.901167664923576 16.99387929976689 1.0
8.734224825645207 2.9328275823555847 19.99314774015389 -1.0
8.766341372966039 5.9960733494645 -0.14186257934823843 -1.0
8.759699640209963 5.665310293690412 2.7568156654249925 1.0
9.050294004583252 5.582950805920789 5.6659836517563305 -1.0
8.971339847096436 5.6711756168328495 8.32761767718851 1.0
8.75751807763677 5.653917844740365 11.387696424926744 -1.0
8.616120723361545 5.5191948032321045 14.191073252515027 1.0
8.61364252630437 5.596625709830545 16.910011448014227 -1.0
8.826240236815254 5.682631848009424 19.71633966448344 1.0
9.073371593104508 8.539116485210734 -0.14417697105287175 1.0
8.772685428252709 8.568438798208751 2.883076815346656 -1.0
8.669586596836544 8.607756414995828 5.675264466330694 1.0
8.817197684673902 8.233320370498515 8.508563512900977 -1.0
8.735369806740973 8.479639923190781 11.243536120157291 1.0
8.617035162674458 8.569861740508346 13.870719458554184 -1.0
8.879908941257822 8.583532065786166 17.040185043881532 1.0
8.812363610095678 8.565166405189155 19.796571068210977 -1.0
8.838152552649154 11.279245623212478 -0.15606582267182745 -1.0
8.894574101917081 11.456471372525908 2.7581991172102014 1.0
8.967427394498486 11.388436802430714 5.657629239633243 -1.0
9.028368882959654 11.483522528578993 8.28227979137702 1.0
8.807997802368075 11.30600906404198 11.143066060565218 -1.0
8.595678657956597 11.326953080185028 14.152281484650146 1.0
8.937532630064002 11.435807213516457 16.968026550751517 -1.0
8.805137976291526 11.681120352751815 19.756860841265834 1.0
8.906692916958704 14.285579699963465 0.15653836859660714 1.0
8.736903583005356 14.29355039212438 2.9042626957760733 -1.0
8.831465239333907 14.28001931761797 5.666773905159823 1.0
8.905026153697762 14.153945799891538 8.500469953287253 -1.0
8.952283866116975 13.940817233751872 11.258653725032223 1.0
8.588367189722687 14.245671832793208 14.142249298448599 -1.0
8.905234843769447 14.418401720704782 17.05182820732523 1.0
8.743070437247098 14.20193640290348 19.932768470769055 -1.0
8.991390619725173 17.083019716593668 0.281699124945806 -1.0
8.690270160251748 17.002954493848375 2.9276977354719387 1.0
8.72392192923462 17.051895309306797 5.7479093725412085 -1.0
8.893290235876021 16.91393737509709 8.436980577160494 1.0
8.66594539094011 17.222360291759372 11.207094255879085 -1.0
8.620121871995094 16.952203571812067 14.418040352524981 1.0
8.71156293574748 17.195202601747734 17.317113670497218 -1.0
8.889472582568137 17.20661457444265 19.984656791402628 1.0
8.849992702817826 20.092583052588633 0.018569225414179158 1.0
8.790324033090743 19.73721444530838 2.631298765364222 -1.0
8.795104867814096 20.126332748665696 5.792020150962745 1.0
8.774427215648123 20.06870298590225 8.387246947177024 -1.0
8.656827937807472 19.795435571204415 11.310219631741761 1.0
8.555171626899307 20.03865899507984 14.261864423030344 -1.0
8.869742875163652 19.823810776286255 16.881064778090092 1.0
8.794943849925108 19.960569890021603 19.992349585350706 -1.0
11.571098819475873 -0.10176639357088746 0.05987559044396917 1.0
11.55996640696756 -0.20434151612108664 2.729486500897538 -1.0
11.864249915108692 -0.17247881983757907 5.783583628221917 1.0
11.626321875388145 -0.09950398254841275 8.642673612716187 -1.0
11.51876093137446 -0.17469860704763818 11.414238275500516 1.0
11.426776134197357 -0.15165389929686413 14.23627819420916 -1.0
11.517065965109502 0.0427348047518447 17.242948792455547 1.0
11.518448085283858 0.01722439269972753 19.953820215381622 -1.0
11.496436825569166 2.901412429646591 -0.042067246969619276 -1.0
11.678611146345736 2.830264647130856 2.599642451109325 1.0
11.80619394047488 2.943566718895244 5.804970789941263 -1.0
11.547820865384772 2.6867485063886063 8.703307676013047 1.0
11.376328498707062 2.6144782782381872 11.493302131842208 -1.0
11.468170239123841 2.601939838395321 14.238247389680929 1.0
11.552637318117483 2.7530042044552614 17.07029760039574 -1.0
11.374144638737949 2.8359694411807426 19.931878782475245 1.0
11.7113095688971 5.571187011053869 0.054001862485302726 1.0
11.705031641965633 5.644281785634485 2.7019013085129697 -1.0
11.687129149187792 5.514489006591941 5.749880099957379 1.0
11.580538006405195 5.508047056994943 8.704433510107595 -1.0
11.535209285744434 5.5914779210162155 11.482305506937154 1.0
11.287516774714502 5.534115201354631 14.000357142841157 -1.0
11.44761723256472 5.553338768007522 17.12795401108908 1.0
11.441750985858524 5.535862014094773 19.781042534260777 -1.0
11.623065976274265 8.509017654675143 -0.1402896497712618 -1.0
11.616949728755033 8.517804794247667 2.8495821310998375 1.0
11.790685378884115 8.486485271044627 5.607906058853721 -1.0
11.795262751922888 8.277657731968562 8.565874997568056 1.0
11.628826490963151 8.432525302569015 11.217221030269164 -1.0
11.36875936951434 8.476536939740308 14.127177669285123 1.0
11.432403574438592 8.493849361799372 17.065012128518724 -1.0
11.493589785145101 8.509091977778162 19.86460419457253 1.0
11.808866115020328 11.480152068150666 0.23338436099813373 1.0
11.612043161629355 11.182949000163267 2.7954874843793003 -1.0
11.778866845025924 11.146690135867145 5.464062610850312 1.0
11.760159379003076 11.207547525586326 8.503513369191431 -1.0
11.739969650508472 11.412556229387008 11.257923567809899 1.0
11.470568245106836 11.28445676387304 14.149638987874726 -1.0
11.532947642622355 11.570688367553828 17.08520474851449 1.0
11.64060501119415 11.508828237218982 19.928408809929778 -1.0
11.822943024968124 14.377341539307933 0.2235617211655165 -1.0
11.582681604206794 14.171657970540267 3.0015737956515944 1.0
11.780026231484104 14.199083966009404 5.692209674312652 -1.0
11.638505176497297 14.364661256193054 8.5602166960824 1.0
11.817910515511427 14.11189155628635 11.472351470589189 -1.0
11.528551310504469 14.161177159654075 14.282466463651495 1.0
11.707462993074314 14.292798943829073 17.26458839512781 -1.0
11.632892599841643 14.285455122833499 19.975596617963927 1.0
11.757822444904274 17.39818126563204 0.31601213515882065 1.0
11.7618576898336 17.077973487361547 3.102498748969945 -1.0
11.62990344873803 17.128096558649904 5.680278609438827 1.0
11.663140685312298 17.087992759088866 8.898645015968091 -1.0
11.623030652033027 17.104533101811153 11.610491995846424 1.0
11.45992113606552 17.083229079519967 14.48417533349047 -1.0
11.585914380735835 17.23619931916724 17.33004649059448 1.0
11.519772463477047 17.1345344538909 20.117225098105497 -1.0
11.550984844332849 19.95795181571831 0.13093407417302944 -1.0
11.41787246187422 19.834573952367016 2.9282215291234968 1.0
11.613711674250787 19.863951678950357 5.795097890597497 -1.0
11.666882635513106 19.822464198660853 8.720661578118715 1.0
11.806849612527415 19.7661219725178 11.390347482887798 -1.0
11.745278326220676 19.91793541840983 14.330658656445916 1.0
11.488156866770344 19.97973392196236 17.34767718876081 -1.0
11.403296523674673 20.06502599663723 20.146398834591857 1.0
14.580554211413231 0.04735211075743352 0.03595346441698102 -1.0
14.448840951734809 -0.21993585129445847 2.9694046187987553 1.0
14.310540625466285 -0.0033526422332279537 5.58330312806174 -1.0
14.464797931217223 -0.18990917488920545 8.55908274937367 1.0
14.464020197714774 -0.04599452397119208 11.429661878700418 -1.0
14.38684936853465 0.052931393463158116 14.446759960832958 1.0
14.218322228227281 -0.2931357746088672 17.213621774501885 -1.0
14.345262230891878 -0.0475807874124321 20.054155687518147 1.0
14.354605482081574 2.8478850502867434 -0.13439568463414275 1.0
14.392510957996354 2.894614861185336 2.5596778599234575 -1.0
14.33360208987118 2.721575363868688 5.511168915325119 1.0
14.219554489746299 2.84758856998623 8.567271067939457 -1.0
14.180408736908564 2.5489179812726173 11.437166515591922 1.0
14.316028488301809 2.836615737142468 14.441429693609683 -1.0
14.112562765908429 3.0523617759587665 16.998913526118997 1.0
14.421450661065265 2.7159254558000674 19.877823573418453 -1.0
14.408651973753866 5.765370216867452 -0.1041380080145089 -1.0
14.398197481783209 5.764087410273389 3.0045601324967737 1.0
14.537250522477537 5.48139721711415 5.63270040327628 -1.0
14.341995503691875 5.355187579478704 8.778907780230165 1.0
14.503250515979518 5.356071369372621 11.3296384215174 -1.0
14.432182835540042 5.536193464431556 14.388694299777809 1.0
14.068403908123491 5.688763151066041 17.14701855294451 -1.0
14.448933546474471 5.672707141666462 19.843600417054443 1.0
14.397834459685145 8.44762016887245 0.029925710889143954 1.0
14.540255194115526 8.372662315276338 2.9062065231914227 -1.0
14.430423711724444 8.54357307443444 5.5021171605677015 1.0
14.421858445609393 8.55806688268785 8.714743209072113 -1.0
14.445874424238227 8.24230908743016 11.376943464365832 1.0
14.573010323044615 8.486176872393031 14.092476227202935 -1.0
14.503246834592218 8.641984684339214 17.01893221099205 1.0
14.47177710056711 8.547137132381383 19.87928122906259 -1.0
14.395612968768708 11.397310845194472 0.11251567719182377 -1.0
14.559658940040936 11.259360932911 2.8546478302766523 1.0
14.37847347161005 11.315935190898342 5.640706084772585 -1.0
14.532057356068824 11.417778301071898 8.43985604019467 1.0
14.587484079338745 11.472924891115978 11.356869507428284 -1.0
14.463036833182533 11.385790052060438 13.985882413575817 1.0
14.230018813006009 11.36988957444925 17.08051769323153 -1.0
14.370312348560399 11.307932734499744 19.91568778225066 1.0
14.474721959134616 14.313188694273597 0.1140496255340773 1.0
14.477835324945717 14.160186953554543 2.999629373671526 -1.0
14.630679829153753 14.224383843830172 5.605338709145442 1.0
14.630297030445835 14.31975454304524 8.429218490515224 -1.0
14.503693261133332 14.166176538992886 11.37697767511769 1.0
14.132614889494283 14.104694094204516 14.187991681177325 -1.0
14.410616420727411 14.16263003338384 16.907958186227866 1.0
14.383178631820714 14.435327940633812 20.14569448620942 -1.0
14.678406261370492 17.025992814224182 0.3503791893523997 -1.0
14.538556065400945 16.97972406509801 3.0953098787387097 1.0
14.563016564530253 17.04779352933143 5.827954362477955 -1.0
14.553098083768935 17.18754256512128 8.448546937652111 1.0
14.460633413431818 17.122725854574448 11.502809446291444 -1.0
14.357441387740568 17.077309199303688 14.358792088642227 1.0
14.313144505144562 17.115159649386342 17.220756042251313 -1.0
14.511960383634966 16.998173216020177 20.025364440456638 1.0
14.372057535600947 19.8925942286525 0.09751229804644243 1.0
14.459667765673236 19.902167519807236 2.9200824775452987 -1.0
14.574865912995897 19.977871211659142 5.791952482287791 1.0
14.564567543194816 19.927138459801256 8.573385482843682 -1.0
14.660858709543756 20.091193520405966 11.239361337086164 1.0
14.509351605972299 19.96447323971433 14.417659315187729 -1.0
14.449765144304608 19.89892170652398 17.259641653164177 1.0
14.443397203376836 19.788219048225116 20.161849626135183 -1.0
17.411835966039483 0.12028857747417268 0.007995059592810112 1.0
17.236480494046035 0.18072262860367047 3.082327101655076 -1.0
17.443994344407283 0.0104084063600701 5.972548019558228 1.0
17.253608877271745 0.06098888860970659 8.699424257110055 -1.0
17.20929781274341 0.06962736720553035 11.621583997776881 1.0
17.286402078678336 -0.029371386976698943 14.502396018207111 -1.0
17.18020249452893 0.006173469253457853 17.183696347124194 1.0
17.193269271038726 -0.16721879618243918 19.9937262821698 -1.0
17.54437957556262 2.8489510486550955 -0.1273610290130236 -1.0
17.092199884476425 2.954849321534893 3.0227330719527163 1.0
17.359138860628676 2.7182016743465343 5.815131592788094 -1.0
17.31777947706189 2.711711110914528 8.595736668819198 1.0
17.4485814458668 2.6081717796204473 11.211000043016053 -1.0
17.282696869977322 2.7140950661482477 14.343246621916405 1.0
17.332037704125945 2.771848754608519 17.078760038839743 -1.0
17.434125845563685 2.68368385776774 19.934509275051436 1.0
17.486662113923888 5.529258800379327 0.19031944852078098 1.0
17.344757026963396 5.688395378219226 2.8187184652335096 -1.0
17.30584489747815 5.582016692423781 5.615308414200077 1.0
17.234419126026058 5.764144102721821 8.813881538759306 -1.0
17.394997007896485 5.429250090773938 11.414120751759993 1.0
17.268987098162132 5.435744474985369 14.485082087773378 -1.0
17.269655465254253 5.6206857891567825 17.03650864796223 1.0
17.335705056447146 5.7363499484695595 19.902099559230653 -1.0
17.271681112383014 8.633544767086471 0.29392628880982924 -1.0
17.333842183160723 8.49973722928221 2.891111837274911 1.0
17.331857092384457 8.372105233384422 5.726382877947241 -1.0
17.40632204196585 8.34693819691413 8.623255235103183 1.0
17.54101898161915 8.488732857630962 11.607708211457021 -1.0
17.38482080667018 8.36112002276761 14.123552347744667 1.0
17.35391722664003 8.515869390760546 17.08894132446493 -1.0
17.287726661211366 8.57784457007363 20.037791541792114 1.0
17.123104212877212 11.483142166029763 -0.06153408062769472 1.0
17.122436183080747 11.302836275297096 3.1224836986105085 -1.0
17.42670554199549 11.225396275391846 5.879898306825279 1.0
17.271572967913347 11.404578528887722 8.559894295244174 -1.0
17.3244374432326 11.224525666693381 11.222630078933308 1.0
17.134454272096914 11.397926683562424 14.208910750033395 -1.0
17.174461648901136 11.378876944866157 17.076523062450324 1.0
17.228687094928404 11.381736106646864 19.83365425061162 -1.0
17.293774866459106 14.3065826025757 -0.07238233647517944 -1.0
17.380230575345443 14.07213194407529 3.006725771700026 1.0
17.384042809486395 14.133048189377588 5.802647403203294 -1.0
17.275180337643665 14.22561454486616 8.593933040564632 1.0
17.28533892746448 14.280352845521131 11.336782440839356 -1.0
17.20686993424972 14.114163814573605 14.362118605822596 1.0
17.196409042667504 14.291027234132995 17.038619090961777 -1.0
17.2169748456175 14.382299486518638 19.85781463909568 1.0
17.322551770543683 17.179090283181353 0.21689306178588338 1.0
17.155317803789877 17.07516542581701 3.222165912702371 -1.0
17.347624308137178 17.06949803664593 5.7595109288004664 1.0
17.249472526811903 16.987968189930676 8.579390053109414 -1.0
17.292226322397916 17.018076706038 11.40552858129946 1.0
17.233816146893528 17.03990393946772 14.493662155931274 -1.0
17.070673072330187 17.198524868268755 17.12551427926338 1.0
17.313414242889472 16.95040496762193 19.917280270637253 -1.0
17.38855025959718 19.905918674770138 0.15203344733696675 -1.0
17.114784675852263 19.888828332701706 2.9367328957377854 1.0
17.380764297008884 19.798399972266715 5.9851780754163695 -1.0
17.447373996237296 19.840742815873472 8.652740315109448 1.0
17.354251409743274 19.85926225387915 11.497605642777016 -1.0
17.24269058986992 19.930121464587682 14.1968001277649 1.0
17.339183473387006 19.697261133259172 17.105369288552136 -1.0
17.189961298879922 19.857911452883517 19.917065331183238 1.0
20.165542857015595 0.1986821543050491 -0.02815387822676385 -1.0
20.027642775085834 0.15502594436115888 2.816496476971223 1.0
20.14111863823085 -0.02071640274603226 5.772687594649995 -1.0
20.13100388092204 0.2100471919803836 8.782636540463699 1.0
20.186889186012074 0.044824779867722764 11.627401793163914 -1.0
20.139772753532995 -0.12546018552784943 14.358875270501212 1.0
20.111136609030698 -0.055185573472193994 17.067878843346147 -1.0
20.034108615667098 -0.0937648894311387 19.96060827962063 1.0
20.147460831371554 3.07946774188635 0.1289834228867886 1.0
20.20085651233405 3.0791108851907327 2.8739430798313035 -1.0
20.288071431740946 2.734068528266895 5.66705282490776 1.0
20.191199746626562 2.8692231380038913 8.382582161004166 -1.0
20.11581963028565 2.7531250276335038 11.620355939720563 1.0
20.10937213951157 2.7819093337670773 14.410212790350291 -1.0
19.978512982561526 2.6783091889166144 17.239787930086443 1.0
19.982872723124004 2.753962566072533 19.968598579472655 -1.0
20.227512198358262 5.794515820516185 0.1693821114814188 -1.0
20.066664066421453 5.511695211128811 2.816191498041439 1.0
20.216495573415635 5.73427444315837 5.605398542459843 -1.0
19.982590991059677 5.698226113410281 8.558758379625456 1.0
20.048074847753213 5.666693660877055 11.47863987907045 -1.0
20.25386897762905 5.6348840368731 14.356266641546245 1.0
20.327553083849306 5.538262827180219 17.121275486852998 -1.0
20.14585315311724 5.8164540333755115 19.76346765189483 1.0
20.044534900098434 8.640551987514147 -0.17166533137585205 1.0
20.270559774359622 8.44079407428514 2.942340157913833 -1.0
20.253956892426384 8.595535397458535 5.5264849530125035 1.0
19.97885308485547 8.473876755135 8.550808144437324 -1.0
20.189305437919987 8.507477205100294 11.473486497473454 1.0
20.17834012103598 8.405828801682699 14.226642611302394 -1.0
20.342773756717133 8.368703273059834 17.086914812969564 1.0
20.22395433337 8.408723362668024 19.735716224549734 -1.0
19.992270016563875 11.362443730065005 -0.006297864156927346 -1.0
20.401148426243672 11.398536098998353 2.7151632969877437 1.0
20.20148848770196 11.46704659081246 5.759158499894054 -1.0
20.208974229615077 11.295729944277223 8.436079956432902 1.0
20.15450211225625 11.347583398491661 11.464600329624307 -1.0
20.1681664866551 11.225430416566658 14.309076468539136 1.0
20.202717800025983 11.508828100587566 17.20025490032604 -1.0
20.144703828366243 11.394338091069693 19.90547303947277 1.0
20.13574768571074 14.148931823711575 0.01624174392360905 1.0
20.13993390749145 14.30232370143829 2.955736745073021 -1.0
20.009131859178943 14.269027136842775 5.830001074062255 1.0
20.204074734215805 14.122480494623362 8.572311550826903 -1.0
20.015571853928655 14.038019275144629 11.603565590752437 1.0
20.03198108285451 13.971090758875611 14.119459608751832 -1.0
20.214928289868354 14.370590247818372 17.01713030790128 1.0
20.059341344640615 13.926057077784233 19.80569503095379 -1.0
20.103710667086453 16.931615352558012 0.23591638848161467 -1.0
20.085778819979655 16.99962157061832 2.7635230817120293 1.0
20.03302126755836 17.134779174171747 5.681413729486452 -1.0
20.081010501630676 17.095445000676534 8.608938943723546 1.0
20.273951211440572 17.104824905871656 11.355753596627613 -1.0
20.254758040603303 17.215803130152274 14.184267513639464 1.0
20.09743635667029 17.068289343710244 17.259643900128044 -1.0
20.195991952682043 16.90681807613208 19.96757550659016 1.0
20.23791102085869 19.844234437399937 0.059281314960641616 1.0
20.117776988650032 19.86551555372819 2.936928534772566 -1.0
20.12261746301847 20.096907602378995 5.679740944338078 1.0
20.204000388738308 19.948323292189784 8.748880857371475 -1.0
20.033862647294672 19.89313715826593 11.309029137758847 1.0
20.099759012195832 20.008666192585345 14.062547552744913 -1.0
20.31301471156391 19.932513020161725 17.139523964269344 1.0
20.31305885334161 19.882316925055292 20.04328580962115 -1.0
