512
22.728
0.2595739937904039 -0.3342126020808145 -0.21858468580075652 1.0
0.2790710996676785 -0.3149428147720279 2.9034126766674526 -1.0
-0.010127098619923685 -0.08022625694485441 5.775426585069771 1.0
0.15556712201083636 -0.08448241522991395 8.514366096783471 -1.0
0.12044803891886421 -0.38228336545131825 11.251333511716044 1.0
0.33858517663126836 -0.36451339859492293 13.947344888588894 -1.0
0.06685684666912778 -0.41253791646608917 17.073551658783582 1.0
0.5026968291611503 -0.22307024399079012 19.76619070081878 -1.0
0.22332599582348464 2.4993367602282004 -0.02222412149607123 -1.0
0.20755734347588542 2.619454667341395 2.8893949665051144 1.0
0.16795199118634752 2.6622087994352786 5.780633342101483 -1.0
0.06972710555102939 2.7192689148617237 8.415896125484954 1.0
0.0923785492141497 2.5621179721297485 11.246230385508541 -1.0
0.2602071464015328 2.556928117823791 14.016716858939358 1.0
0.33896042475467986 2.318897692615099 17.066271073839573 -1.0
0.4097236383298601 2.3504773535552483 20.05900851370149 1.0
0.11419695278972271 5.361933071642386 -0.03809581375759663 1.0
0.07731146472933269 5.381754539639445 2.837195591562399 -1.0
0.2381644417821126 5.429367784858833 5.760741690122406 1.0
0.2466010006643134 5.439602844885083 8.424746203571488 -1.0
0.30929127496704206 5.168785896683641 11.191412276802794 1.0
0.2501147389748224 5.601307425665913 14.515653067312986 -1.0
0.50400607881923 5.478219437756811 17.090403517083697 1.0
0.20614629531082077 5.537481770438342 19.98265005517126 -1.0
0.1096073699756872 8.253145988751239 0.21671823419641822 -1.0
-0.016015512344793273 8.149457679916637 2.865974748042989 1.0
0.1955871894904242 8.23502591977721 5.767676687037432 -1.0
0.3055487442421252 8.292993658387939 8.461693172791312 1.0
0.3078596864080061 8.363050523699759 11.32950872588326 -1.0
0.29209974650647913 8.248986943985624 14.314076362887645 1.0
0.28531362296465657 8.090283071977765 17.12899236015962 -1.0
0.39762441206454446 8.273051930653578 20.12720786882365 1.0
0.17509339787899061 11.27957219769019 -0.0015036262493840352 1.0
0.14496569190718261 11.074885544530709 2.7201276766723943 -1.0
0.231513592499086 10.96483839071726 5.200868552985504 1.0
0.10467469019619273 10.953669493068363 8.358281597886515 -1.0
0.13697718294427363 11.189638208281902 11.455725768029408 1.0
-0.023582511202874912 11.159387994077164 14.260591227664666 -1.0
0.2862436299387491 10.846940913267686 17.06835658479395 1.0
0.24848910411738734 11.055464487145871 19.804972162085573 -1.0
0.31355530167759965 13.857451377688763 -0.026975966885622427 -1.0
0.09946374361909432 14.072331683057907 2.9912126776344805 1.0
0.13214235609513153 13.84500323659573 5.519067242558395 -1.0
0.15809071311653436 13.969711186807201 8.549627060038258 1.0
0.04312045268363896 13.763398320969292 11.311100749492416 -1.0
0.18939056700032314 13.822673531951606 14.109609672731102 1.0
0.39119148436356777 14.043004868632991 17.023163887686856 -1.0
0.33881201070388844 13.891678313488582 19.76787531363728 1.0
0.39880195861621914 16.728768700541085 0.16591054815689604 1.0
0.05765418528411459 16.938105810981426 2.9505365333576568 -1.0
0.23383927396683163 16.703223355678887 5.730158633673778 1.0
0.2589623367099886 16.701812236724123 8.49945138820984 -1.0
0.14529717346941395 16.78285292618886 11.249827482827014 1.0
0.38699749256416777 16.75962256997227 14.021633171150553 -1.0
0.3004226143598948 16.73892173259941 16.957772653664833 1.0
0.3137131090536711 16.94617366153431 19.93036645950232 -1.0
0.3965125539712106 19.74172742856235 0.07007921417152707 -1.0
0.15928290223427793 19.75727137776031 2.993161565932778 1.0
-0.014107843601658716 19.64250800343294 5.55920292779781 -1.0
0.1756920818928198 19.54130869967233 8.411985123383653 1.0
0.2901695265743721 19.499828258113457 11.131933515154834 -1.0
0.2749176472086153 19.630800504174427 14.244904180820043 1.0
0.2927420635481248 19.718610381403867 17.00311828229691 -1.0
0.2726359360547364 19.602385619505934 20.150692400832078 1.0
3.1623675263910487 -0.2739230170164966 0.11252371756816973 -1.0
3.1027608389720562 -0.46022147765139465 2.805585454057215 1.0
2.8874707937923003 -0.3908293873469262 5.813090623306871 -1.0
2.864985278450423 -0.3621798436609964 8.453322000229702 1.0
2.9453156892509313 -0.5689371306029081 11.33591427104317 -1.0
2.9409087247058467 -0.31270807743866413 14.144951581864019 1.0
3.0628634298507293 -0.4972155202643975 17.095309260612293 -1.0
3.20588105232321 -0.5579484003394377 19.8703385022474 1.0
3.2423889566100104 2.4642768627194327 0.15301203431020635 1.0
3.1255613391497383 2.3238170506140183 2.840371551566743 -1.0
3.275379321773916 2.594229398005889 5.799397475837781 1.0
3.236631308890374 2.739226700306729 8.432431761383086 -1.0
3.407168245755695 2.426507242919621 11.21556032421597 1.0
3.0062683935506485 2.550492888656989 13.961609824413566 -1.0
3.2208778809664427 2.0902930265144635 17.28258088008569 1.0
3.2298780160466065 2.4890557701924276 20.111650376257938 -1.0
3.038648715122667 5.214862171390612 0.13516595664533892 -1.0
3.0683674649932877 5.622229652424423 2.8283063145280143 1.0
2.834782821093912 5.4128182378353165 5.519925404105919 -1.0
3.022453090612096 5.281052910511448 8.398136881752407 1.0
2.9118250660706773 5.295894068824667 11.477486494998018 -1.0
3.0623723202447932 5.0317723507030845 14.25142558851936 1.0
3.1833178340200923 4.908544119629602 17.132738718735887 -1.0
3.0725072727093163 5.36039531411676 20.025806868998625 1.0
2.91769003892743 8.302555072697444 0.08829316177379017 1.0
3.066411054920437 8.242029487415678 3.005101339460116 -1.0
2.9131668236180137 8.284401682445841 5.838170755227534 1.0
3.2147615400227028 8.19404028604655 8.386482587021703 -1.0
3.10295347471442 8.360637122374502 11.308873737884882 1.0
3.0710453872398897 8.247969875335487 14.407094142269269 -1.0
3.1645531219426037 8.31010716342632 16.98443260237981 1.0
3.057268521379279 8.284064486928747 20.00006934673858 -1.0
2.9768997384452747 11.018690346484608 0.11777606111856279 -1.0
3.14089671555565 11.360050964150739 2.7386282950235756 1.0
2.9468324305645557 11.297140426535787 5.542269453375056 -1.0
2.8597042583695433 11.116757474866901 8.38103282268802 1.0
2.823310202772556 11.18245455543267 11.237837914709518 -1.0
2.9640803787526253 11.023497978982537 14.170403768966723 1.0
2.880195032948007 11.158038169257813 16.911514579379688 -1.0
2.95993560303856 11.25644406317364 19.993463668972602 1.0
3.044855565621224 13.829292660397106 0.004438436206432793 1.0
2.786408179263602 14.12539822517591 2.9289897776662475 -1.0
2.836903075836858 13.951050730358624 5.606336776563131 1.0
3.078487742405965 13.847108386460832 8.42664408094916 -1.0
3.183297485120931 13.97074075714863 11.209883936976683 1.0
3.1050130076484015 13.79640673390377 14.119976964806428 -1.0
3.300065245679154 13.530088830321233 16.848580679576106 1.0
3.0592385272979152 14.073317285102119 19.974678741738405 -1.0
3.306048398374244 16.791106131099724 -0.08934344113091797 -1.0
3.288712301313697 16.7684846306665 2.8830321904135743 1.0
3.072445988712579 16.84216301524085 5.733609159436962 -1.0
3.0700489292264845 16.734652067063482 8.255175481947266 1.0
3.1909094545833283 16.76409511153065 11.312163079623495 -1.0
3.2340457922160706 16.753559217318067 14.250374749411575 1.0
3.1229969497843717 16.551204400971688 16.889741489060125 -1.0
3.196134973700103 16.738498268425236 19.697267102175047 1.0
3.3050493661814713 19.62595130173131 -0.09063703101934806 1.0
2.922539520857905 19.46001549803644 2.8869021142276505 -1.0
3.0562869803909147 19.794504612158775 5.764440866298562 1.0
3.0540636505422576 19.72367437878499 8.482070182928593 -1.0
2.8882842153192727 19.51055340625019 11.242416790597757 1.0
3.028199230157566 19.630925527082578 14.346599782171776 -1.0
3.0532970433699025 19.532530889467267 17.14789217898706 1.0
3.361102476240015 19.623616462306224 19.840783038442346 -1.0
6.018195036364496 -0.3206126349326759 -0.11271671113670934 1.0
5.8200252656323945 -0.5873158468475133 2.796876089885828 -1.0
5.86560551328631 -0.4027204665924735 5.784928525072879 1.0
6.011816973853784 -0.40917874728022596 8.675513640690346 -1.0
5.799666815824308 -0.42192324190017416 11.322691983741015 1.0
5.848182015844729 -0.33161875118785034 14.064972006844512 -1.0
5.923033179070939 -0.6356125932217829 16.86837259302359 1.0
6.080196859748825 -0.3663692723242349 19.72521113695756 -1.0
6.061150887660921 2.4537217575315333 -0.06633157178951166 -1.0
6.069444331950415 2.3468025000005692 2.980845220415743 1.0
5.835531137799891 2.485696989341448 5.622184406819009 -1.0
6.023098574502242 2.667638237119351 8.574241918424116 1.0
5.940648403848045 2.665414277664823 11.398223759923443 -1.0
5.896633884151652 2.394592312975937 14.200637504718594 1.0
5.8465543494767305 2.2324173332182964 16.938401516104435 -1.0
5.92083077850106 2.233231338093563 19.695154866709707 1.0
5.87882396941049 5.198237460144454 -0.010234481506759659 1.0
6.0477978462811715 5.332554837897521 2.774602999757757 -1.0
5.900990018953509 5.322780088122038 5.795628236373993 1.0
6.0752574332312115 5.2715716833032875 8.582725227061335 -1.0
6.026294291969865 5.462931461357677 11.128273046535787 1.0
5.785673031571908 5.326001738779839 14.271948512002234 -1.0
5.849163024078863 5.20997936655309 17.0666893707434 1.0
5.9833186614545655 5.381936760747766 19.815049773824356 -1.0
5.737384906711722 8.11221562466435 -0.023503798424531652 -1.0
5.777653424208871 8.324509192907323 2.812500302076869 1.0
5.75407132727631 8.02888543150559 5.661046985665159 -1.0
5.868508652308343 8.22034848095245 8.427300485145217 1.0
5.820018721650824 8.120367518247889 11.371011832588046 -1.0
5.876006053899939 7.9451085624288424 14.09313891473724 1.0
5.7283253367057885 8.06821593823494 17.03668142660662 -1.0
5.91330940355553 8.107590827803275 19.67316889217467 1.0
6.10169760457223 10.770946262057162 -0.16142448530449016 1.0
5.890812510630571 11.061248422845855 2.651921033804241 -1.0
5.529001863857511 11.189659134232665 5.9554891694999865 1.0
5.9079854983797 11.090935393138134 8.58347794027073 -1.0
5.796395120346385 10.882983802327676 11.402622067546353 1.0
5.650576861821552 11.019946408222518 14.068132846220209 -1.0
5.844859942996798 10.82178274951001 17.24977974983372 1.0
5.753748027666315 11.14023748097508 19.84025250579904 -1.0
6.049792474299254 13.81238063253142 -0.14009516760231477 -1.0
5.884889433796195 13.906266575626926 3.2052974013372646 1.0
5.8252848767968475 13.881481559218768 5.712428980877253 -1.0
5.910787187539075 13.780942558129938 8.6120206258134 1.0
6.017377874213748 13.94103807649896 11.464396425273165 -1.0
5.99578369956634 13.810416326777071 14.369798888838362 1.0
5.964497931086131 13.834812231527522 17.046975552260694 -1.0
5.902838901688602 13.901028460583348 19.730627319338996 1.0
5.974020201534531 16.670217605373786 -0.026528564270186905 1.0
5.889533425298113 16.70411293264014 3.082127300235165 -1.0
5.844819922752125 16.9215508473257 5.765744513825992 1.0
5.866795079924992 16.66135545191703 8.399926761824737 -1.0
5.963409533439761 16.8435825868809 11.297051393641278 1.0
5.905663839836783 16.94017436574107 14.05393168497272 -1.0
6.01029021785701 16.79642828705928 16.951743588985604 1.0
6.003776980932532 16.64456526697294 19.61292696706096 -1.0
6.087263999337296 19.722024901548206 0.032930457626150794 -1.0
6.1912221678053 19.459939979196538 3.033922948811772 1.0
5.977543105058491 19.464871847200165 5.690298707783712 -1.0
6.044631943405855 19.483926666387173 8.634222183125683 1.0
6.083618339422507 19.530301510710267 11.2002425686768 -1.0
5.8951575607938365 19.66183688952876 14.05615136638472 1.0
6.057317456308411 19.60598566237751 16.893089490732503 -1.0
5.977356416864808 19.72785722691212 19.719868910139613 1.0
8.947364634587345 -0.26055657596380755 -0.16866404498266618 -1.0
8.886649110590765 -0.41378784046167993 2.9005633945653035 1.0
8.68293382792063 -0.40941621523305116 5.78717115134466 -1.0
8.827650833248532 -0.3726288252596497 8.551525316121133 1.0
8.866542082022947 -0.1830860214603689 11.432059668311961 -1.0
8.676862777489834 -0.09115051404829444 14.243387865994015 1.0
8.818857047516886 -0.24309426630376052 17.017357616753216 -1.0
8.800514019913193 -0.2740132428726554 19.803903531661547 1.0
8.952743590008316 2.4736732911259915 -0.20562795603759554 1.0
8.785894270155179 2.3744736653686016 2.7022604841543125 -1.0
8.668056617607176 2.4318569277030786 5.7339064806120925 1.0
8.84573572149001 2.3712240655751593 8.68399945879577 -1.0
8.877788786874278 2.4640615418234577 11.46327234942161 1.0
8.76411779705286 2.68545294476766 14.210588051992433 -1.0
8.782013315011108 2.5070238727488774 16.945755690158474 1.0
8.90309201312455 2.627171029605601 19.778377337670474 -1.0
8.659696297017648 5.286701482447254 -0.1984552347790185 -1.0
8.767799912052256 5.292182552122747 2.812593468095724 1.0
8.573616125724696 5.4191274591391485 5.6784416541835485 -1.0
8.916324930811408 5.3394093422878015 8.501483505197863 1.0
8.824936878934981 5.499414560809348 11.296721149289413 -1.0
8.546126137153482 5.435991389557645 14.315403288427818 1.0
8.68514640078341 5.353976703145553 17.020402932228105 -1.0
8.516406415167205 5.2110129115179795 19.767685777788426 1.0
8.52831370605189 7.964313592423539 -0.3643270103045566 1.0
8.740032247745651 8.295633612501486 2.954809437013631 -1.0
8.455680774230267 8.155439790627051 5.698939551683691 1.0
8.579643575951753 8.251002696376542 8.65397718814034 -1.0
8.692653592779642 7.924710609755204 11.252505385140276 1.0
8.687120019422235 8.091684376662968 14.069713409064237 -1.0
8.789601688801676 8.15788812736319 16.86854748411813 1.0
8.52314025415024 8.457201735339527 19.66482693175534 -1.0
8.644857327223757 10.861208783546227 0.005292241244649887 -1.0
8.628331595612345 10.96218637562098 3.049432882250398 1.0
8.771899246801821 10.872766740017978 5.911374963355734 -1.0
8.756221945738973 11.19531566187652 8.78180220788876 1.0
8.670651909319183 11.283616993390124 11.584922277312545 -1.0
8.58211986695755 11.097732519111904 14.298839528672485 1.0
8.421834647565037 10.969276185634135 17.21761096703318 -1.0
8.631438379299832 11.085255115829916 19.947739582678118 1.0
8.705099563023827 13.8520220381741 0.28039309569288395 1.0
8.718392636209678 13.696291761377022 2.994846368712184 -1.0
8.773264514432181 13.574215962980382 5.816379312606875 1.0
8.719170036381906 13.86492756165651 8.832535321893575 -1.0
8.608103888915462 13.929673286070711 11.590072041795663 1.0
8.919348553787943 14.061863238212553 14.33710373908814 -1.0
8.69879531101127 13.863346008205617 17.319232863896328 1.0
8.671211971473392 13.761115364683842 20.010772230851067 -1.0
8.913310615264093 16.664049361039112 0.028366149361549502 -1.0
8.837013973938989 16.567342968983148 3.049422151179287 1.0
8.780397416737406 16.6150171095666 5.93270840151246 -1.0
8.68946098533188 16.642049810760895 8.6896360429927 1.0
8.818680542040736 16.793111811023728 11.355601431055193 -1.0
8.484547139469704 16.61052126569582 14.173150178443743 1.0
8.866247547650593 16.756045147564077 16.840293958073516 -1.0
8.8129192882793 16.957390590211027 19.81055981167968 1.0
9.031201144192258 19.558708050334072 0.0836008192719975 1.0
8.910385817891525 19.463706810671653 2.7817582556836813 -1.0
8.915879516156688 19.349762911601847 5.728775177777632 1.0
8.862327843700745 19.697743533604147 8.5194089683178 -1.0
8.735079699551703 19.699285872444328 11.542511009194078 1.0
8.588388524614198 19.71794305019391 14.156150301354218 -1.0
8.84721716903622 19.56480186490166 17.00595048543439 1.0
8.593297481782155 19.628857154671987 19.99658812015634 -1.0
11.64843942100622 -0.1528681553982203 -0.005462514033003721 1.0
11.5822557127655 -0.13897166143113893 2.909909267933687 -1.0
11.77757227892481 -0.39296054297073013 5.8194713707659815 1.0
11.716187511191244 -0.3652324254658552 8.683260557867444 -1.0
11.74369520250261 -0.3495215538708436 11.578300304409243 1.0
11.754149038280858 -0.21076898657650034 14.198271063733513 -1.0
11.89334569688649 -0.4243564072078563 16.942861766982695 1.0
11.378623234057287 -0.29806663435448755 20.084209651945827 -1.0
11.86169972665825 2.611995175993908 -0.04792080728580572 -1.0
11.927516468987646 2.6689562721638938 2.6906902390141476 1.0
11.39996250098481 2.5879774147093655 5.513512402864457 -1.0
11.749125410833228 2.493621883397404 8.784393733250868 1.0
11.738883487455555 2.3648331972096583 11.368347198819054 -1.0
11.55256762725039 2.5253347189175672 14.187283647782227 1.0
11.633141652418605 2.5720213784562094 16.86539498904099 -1.0
11.76396890382625 2.5842767921138208 19.83703744535651 1.0
11.65670254811116 5.192229131376402 -0.23004248867940902 1.0
11.33651883588729 5.300590634549563 2.86024420488467 -1.0
11.689686950058023 5.454735801977759 5.638995764951173 1.0
11.626108937200648 5.379933335144922 8.542763517456102 -1.0
11.579732519272662 5.294011775148696 11.38245212944268 1.0
11.576034140983337 5.347202713719919 14.260713842858568 -1.0
11.80553894746483 5.373285993944037 17.045278103475415 1.0
11.57442958201768 5.301482465472434 19.95297434109391 -1.0
11.536713175485152 8.194089846178551 -0.18699121814108466 -1.0
11.323783953730365 7.890436980655161 2.6073194530760206 1.0
11.773344691015645 8.008531189932798 5.6768509952821615 -1.0
11.456482299291622 8.406877476006986 8.505744891759134 1.0
11.498751652285145 8.521910816315815 11.27844593514305 -1.0
11.441866716368777 8.325841126455257 14.195695539144083 1.0
11.526085455304214 8.268929589952451 17.061079016609668 -1.0
11.70616549383786 8.295896655253827 19.867491497183988 1.0
11.285957787690748 10.853909775833493 0.06942516662356336 1.0
11.501731816336164 10.824648847231913 2.9475864094840722 -1.0
11.507136058671332 10.851553053796195 5.951316628731636 1.0
11.438547760504102 11.073755468081846 8.404176657865943 -1.0
11.47584367343998 11.238734296813814 11.39377599622408 1.0
11.40672712346639 10.997127070991414 14.40396637278065 -1.0
11.513884791227257 10.88024331119412 17.264486914139816 1.0
11.439106094096768 10.97526290306688 19.941296177646347 -1.0
11.448514519654479 13.860869748918589 0.16323072897224822 -1.0
11.704444661133703 13.72396557916634 2.8721734375897108 1.0
11.673202934503195 13.916040375244739 5.758407676901855 -1.0
11.679131288641212 13.908936020152293 8.735516345252163 1.0
11.669650850589838 13.946201838153673 11.371164300080139 -1.0
11.66013612274716 13.827378825291873 14.468723546086583 1.0
11.613493347060615 13.744228959876967 17.37252532259228 -1.0
11.451619898344752 13.972440817521678 20.072707187193142 1.0
11.676331792664032 16.845596914231763 0.10435618408206893 1.0
11.603126726580166 16.863071654181592 3.0043917381153173 -1.0
11.664645216432055 16.68430181848432 5.7110729363497 1.0
11.712697229801227 16.58754046147219 8.643016661939846 -1.0
11.611325132218592 16.736443068107864 11.449119740781228 1.0
11.81800297900431 16.554559991245604 14.258253216163428 -1.0
11.687897458698924 16.88511253612467 16.921213228432478 1.0
11.425997561861386 16.96401186936464 19.818503628163 -1.0
11.687469220733442 19.623372508041406 -0.013872188011129473 -1.0
11.623495405525697 19.58346817014004 2.7216467240791338 1.0
11.431569626607676 19.56716370415499 5.796872439764156 -1.0
11.608781994858191 19.533892060916628 8.848353458627887 1.0
11.946309857074981 19.649004262789703 11.296774053151132 -1.0
11.642641331196772 19.624367819376513 14.150205237631067 1.0
11.455512248217785 19.639454654743965 17.113682340969756 -1.0
11.425324874898253 19.576769805086904 19.857182570868208 1.0
14.473325745484688 -0.16658830172141137 -0.052127807348206545 -1.0
14.330980462314264 -0.3527823791294118 2.8504609565750236 1.0
14.378041832577845 -0.2550129086288777 5.575452247876453 -1.0
14.55379513543242 -0.15892596534471082 8.395367805656337 1.0
14.60598309147343 -0.39439622963184107 11.399215494989518 -1.0
14.629605201488479 -0.2449021740507611 14.173506476532246 1.0
14.602848990576382 -0.12213434437379789 17.066473013138477 -1.0
14.441750855820729 -0.1578363854213798 19.93811866416736 1.0
14.49227421635835 2.675377196946879 -0.1999165679366044 1.0
14.531918448250767 2.5923440530440165 2.887177241084547 -1.0
14.394601374720072 2.4145502947708537 5.679713885461358 1.0
14.39307051989696 2.518611763544766 8.505514393126283 -1.0
14.440051997804447 2.3463600589352285 11.507038761214712 1.0
14.64833000613125 2.673943669281806 14.229212468452788 -1.0
14.498710190039482 2.6106577665534396 16.809693609094037 1.0
14.490732519436 2.509272941683047 19.786755677972558 -1.0
14.368804141379439 5.391076651153356 -0.0780780974427399 -1.0
14.40545232983044 5.170870175799936 2.8534813845586906 1.0
14.343810575599294 5.2910878344577785 5.688342165913329 -1.0
14.44633891769668 5.496308575868845 8.415153827575233 1.0
14.324978137592776 5.47064952321038 11.19381211377029 -1.0
14.461455772008902 5.4332352590801705 13.975353010153807 1.0
14.571576436862768 5.388684301753712 16.96369600209643 -1.0
14.65120874213875 5.226686644117154 19.906295587442315 1.0
14.577537609419284 8.289422276492795 -0.001307461025085388 1.0
14.455700689253248 8.224333584469454 2.647998501062152 -1.0
14.38857948199042 8.327786616988705 5.741291441718395 1.0
14.147418017012797 8.269753102807101 8.523639975310807 -1.0
14.311061055044007 8.313873145311005 11.157885741039301 1.0
14.34876681121155 8.395285395862071 14.164971611394476 -1.0
14.540182735983928 8.226149228609474 17.051998973885226 1.0
14.565731070541494 8.221861785844592 20.001049434885818 -1.0
14.379691196254237 11.056649254092305 -0.012316697057489306 -1.0
14.208589972369182 11.139208409558497 2.785444071309594 1.0
14.360247404634004 11.132258457498871 5.5586986215459575 -1.0
14.371273445462839 10.963032439347213 8.525367018712142 1.0
14.401646542603359 11.068345184419526 11.33045782168778 -1.0
14.330584202302118 10.94057019186619 14.191791697159498 1.0
14.31042368954841 11.193485990753366 17.290331976268074 -1.0
14.434551249661324 11.133430095254413 19.9898942256039 1.0
14.481165938454788 13.76235007493298 -0.12372775927600443 1.0
14.343150683784694 13.943733892130743 2.8171982962674558 -1.0
14.34819486167258 13.727550328619913 5.646269425522156 1.0
14.62949949106002 13.790889413067186 8.563218517194986 -1.0
14.59731974809379 13.782788499694465 11.513294302721809 1.0
14.561523544428121 14.023908277752652 14.188583221307818 -1.0
14.683947697959619 13.843035554445883 17.299157314796997 1.0
14.535185503817354 14.076787946035033 19.998733378002907 -1.0
14.568196819727303 16.6550706853238 0.11853703440669527 -1.0
14.35707780159538 16.538132296480935 2.7643898910863767 1.0
14.34318728732163 16.656755405132646 5.438222196924626 -1.0
14.388856548066592 16.71707398116993 8.445102725767176 1.0
14.484805006246459 16.52113091540387 11.289657673698002 -1.0
14.546281105309584 16.72398533521825 14.145842350665083 1.0
14.410198478906953 16.922352864343242 17.043947264944066 -1.0
14.751115235577807 16.70268470065063 19.959531274544688 1.0
14.661996406912822 19.473096347615016 -0.3809357568385501 1.0
14.528720225065097 19.62041660752688 2.6157464374117834 -1.0
14.291967166221523 19.442653054882644 5.250618329260993 1.0
14.460712677096703 19.597974672695035 8.447058706430086 -1.0
14.5235429865983 19.391878633497114 11.154604941655496 1.0
14.392963806194578 19.52252728198119 14.278406245567274 -1.0
14.28714222026799 19.654803970076053 17.036517136368822 1.0
14.311971371419409 19.69865114655673 19.741697310580463 -1.0
17.156525797316885 -0.4135928112667635 -0.014767155962946532 1.0
17.17332214136949 -0.33207429007623546 2.6294451530617744 -1.0
17.043926828011745 -0.3830407313544413 5.4557479254131955 1.0
17.28739105998452 -0.11757399573867744 8.263087320644049 -1.0
17.424183199888386 -0.44735411034428196 11.27876764584559 1.0
17.29698226435101 -0.47837025359593355 14.100127156362054 -1.0
17.307934738966104 -0.3649321793872744 16.94257914998856 1.0
17.384878310731676 -0.5209889866118829 19.813759455734104 -1.0
17.367714253610902 2.568285190797739 -0.18403368757830663 -1.0
17.268797906058346 2.531228283641686 2.8545676182436885 1.0
17.221034644525144 2.4691766982105956 5.666564489914846 -1.0
17.241387246915878 2.5487368486094035 8.647917250757077 1.0
17.2228801576942 2.5720748660550083 11.3767412370251 -1.0
17.500750552356774 2.8328141032658882 14.113821984805867 1.0
17.51640533098667 2.5329815533300297 17.053730077106653 -1.0
17.474705700892287 2.3842992984287465 19.81157293587862 1.0
17.255102592888257 5.276573023649233 0.1945828798692672 1.0
17.326480219940237 5.249151073792416 2.862135734840224 -1.0
17.146034848464364 5.349350031901101 5.722852769028509 1.0
17.34049472645834 5.3852334868039105 8.45688540086315 -1.0
17.335906299315518 5.452678729151439 11.289586275371084 1.0
17.305197302722334 5.5466907665750895 14.122395705807142 -1.0
17.326495824354065 5.235150420451393 16.953466770831334 1.0
17.34552438789891 5.156117345168128 19.67942694250161 -1.0
17.37621307198726 8.094682130890448 -0.16447272502723465 -1.0
17.17179324277652 8.146494306877097 2.6135615414883753 1.0
17.158320719276134 8.232191829853239 5.628114679276516 -1.0
17.233282520364718 8.0648831247145 8.596658465057539 1.0
17.18965891344275 8.218171674937022 11.499309239414979 -1.0
17.41558006531787 8.265170059673908 14.223867459235532 1.0
17.401735423898938 8.371551597185091 17.098922785619614 -1.0
17.549736965606353 7.888151562687382 19.804494569919907 1.0
17.282595646601536 10.902820388233584 -0.13440383456381966 1.0
17.2787490967117 11.037939070913666 2.6148175565171643 -1.0
17.20627595635287 10.940931603714779 5.694663613975423 1.0
17.018307006803944 10.797597462623616 8.503857967185533 -1.0
17.325931651818035 10.896744484411425 11.461414124047453 1.0
17.413132771020923 10.98808995320034 14.2255661235556 -1.0
17.689038649708834 10.974430316712454 17.34348946391275 1.0
17.07228857215475 11.268584899442342 20.07693566968273 -1.0
17.34581390687668 13.967535773581188 -0.13190079639772634 -1.0
17.08343154987605 13.800686974593136 2.762162609395254 1.0
17.247757649705513 13.962193544390948 5.551773640055767 -1.0
17.29763043335098 14.117866451945503 8.445242886657208 1.0
17.376789501824177 13.894115388218815 11.153098935486932 -1.0
17.357413734220582 13.89321893492539 14.13811925245235 1.0
17.21028955347472 13.835312049279043 16.92489454375504 -1.0
17.2880673890402 14.079879862158162 19.787165558321643 1.0
17.578290280761042 16.779081654189717 0.15568956329552625 1.0
17.185657909141536 16.897810340360145 2.777170962771118 -1.0
17.197698585828874 16.617183624577 5.479518578924452 1.0
17.354974257024253 16.831478060643843 8.442702022996649 -1.0
17.276703289596938 16.651407608125115 11.107655270870021 1.0
17.427019278065703 16.751296459551988 14.123762180627432 -1.0
17.139409826242996 16.98492882310139 17.09121298650955 1.0
17.338863495807548 16.87284938454574 19.819179042024746 -1.0
17.344602825148478 19.47638367943376 -0.19806147494036352 -1.0
17.202989315288974 19.680925342369857 2.528757590162915 1.0
17.24643483079791 19.529150028559478 5.5416419918287625 -1.0
17.197834727353065 19.522259499840334 8.395951319881313 1.0
17.27819856718036 19.211182210487163 11.402178981098102 -1.0
17.364827423746096 19.611333973660248 14.095835715390919 1.0
17.38737697358188 19.712425125253723 17.07506143618977 -1.0
17.628892946641407 19.492451894684603 19.719929024697826 1.0
20.293092857523515 -0.2818354852778029 -0.11353565837035617 -1.0
20.165930425349014 -0.20562114848862834 2.877936644262097 1.0
19.967570436253883 -0.2688370418971431 5.6202821293303 -1.0
20.039741567712355 -0.08049090456581354 8.460518701826828 1.0
20.05924205372062 -0.5539738684944169 11.21013169798344 -1.0
20.196991967548005 -0.26829031768388845 14.13620586868142 1.0
19.966293056727046 -0.44123284905148097 17.108315816310707 -1.0
20.034535117545715 -0.08037823462563765 19.878316540041432 1.0
19.96450518965398 2.4203661780340364 -0.1270330145869245 1.0
19.906135378065876 2.6323818133184735 2.9707971367350323 -1.0
19.9920970464954 2.620954883124058 5.513482072829713 1.0
20.15022950108092 2.63317797292934 8.464202713520113 -1.0
20.035217636052202 2.3909236497167154 11.158898656277962 1.0
20.272840698626258 2.7296044999337052 13.986673134695481 -1.0
20.43181066916784 2.724635778529005 17.200563561792816 1.0
20.23235022766471 2.436500852185334 19.872623831994808 -1.0
20.20145376699998 5.314973599240095 0.01434034051825576 -1.0
20.104076087657546 5.556490646223814 2.839716676706444 1.0
20.188884375678107 5.412480525773565 5.689156285367142 -1.0
20.017276325653313 5.377883610155075 8.406767440755788 1.0
20.170754592887057 5.4105145616870205 11.294225010326302 -1.0
20.23459688635942 5.422331002101863 13.975386605154643 1.0
20.06536790051083 5.613801392215586 16.89111411558421 -1.0
20.36112748444734 5.241223714127534 19.78549891852484 1.0
20.168215604026354 8.341216992595733 -0.06955608943633607 1.0
20.048101007119158 8.35467982489854 2.6980642565348014 -1.0
19.98647733397556 8.256559911199018 5.699827421230323 1.0
19.84838353833042 8.029899058383414 8.452734859185108 -1.0
20.22024326848962 8.299284550206309 11.306013450105223 1.0
20.083312768847264 8.36312990303032 14.090379105743558 -1.0
20.3816192945835 8.24898591796479 16.951503902900107 1.0
20.358118760022894 8.265646280524454 19.730165496002456 -1.0
20.16677282048267 11.186348459921936 -0.030717268000330478 -1.0
19.968792870934486 11.134201508767166 2.6577216558299 1.0
19.91845629663633 11.041404016785426 5.66908616171083 -1.0
19.993196099548307 11.170596932084436 8.59446624187609 1.0
20.10127082602089 10.95808158869497 11.197489754365265 -1.0
20.13165901824134 11.005923807973398 14.390651940040819 1.0
20.260339085925587 11.063717679050576 17.0640392132986 -1.0
20.137807595199106 11.162707912304683 19.81837839488338 1.0
20.088539553059814 14.051777210868956 -0.11823455048620701 1.0
20.01625810393197 13.904560115348035 2.844443180450068 -1.0
20.09858557206068 13.617131849936856 5.585417620672707 1.0
20.300605442529832 14.05836787829575 8.179239504722776 -1.0
20.085752160023386 13.924169011878034 11.428038611822894 1.0
20.038527960614797 13.954388762522694 14.192494598275383 -1.0
20.097077716096035 14.13151114087567 16.835376966950093 1.0
20.19502065194144 13.97873652849155 19.845798171279654 -1.0
20.38266703186914 16.87186568938824 0.046746844564037104 -1.0
20.19734578202168 16.865505683698917 2.9234413551798717 1.0
20.093523442252813 16.739669353585544 5.588444551895917 -1.0
20.087435945168618 16.587825415424792 8.251355058259435 1.0
20.05364622392972 16.691897624682113 11.490173314398477 -1.0
20.155486945235726 16.712830209847507 13.976987502960387 1.0
20.24017922336087 16.70035218061418 17.04498709885513 -1.0
20.35705151346478 16.82155336751682 19.807637889093943 1.0
20.384700028022614 19.723367122236834 0.05301660612265735 1.0
20.136268355094302 19.784852928439005 2.8298255744612537 -1.0
19.904346266943485 19.532290345063448 5.4966506252451754 1.0
20.212853891204542 19.510512055705092 8.393584541318187 -1.0
20.171567081913466 19.391673482460927 11.155452986755385 1.0
20.027177183100207 19.581469153637464 14.14436871459047 -1.0
20.0556956422295 19.54652328303794 16.871905925737607 1.0
20.22025610826247 19.626858864216864 19.775311644477846 -1.0
