512
22.728
0.2848018069934811 -0.4595187415916051 0.1250747507191855 1.0
0.2661075773402926 -0.3913950469259966 2.87857756341984 -1.0
0.17484754792292664 -0.5887402332484406 5.732666466840021 1.0
0.15641068063906788 -0.41282293839591233 8.703894636347556 -1.0
0.184697663256942 -0.31237818360802905 11.276667035868664 1.0
0.4300054518143486 -0.3492886767639334 14.070333796143565 -1.0
0.3735976009213314 -0.3482809564140332 17.095534632660286 1.0
0.1752323231908444 -0.5151923616286957 19.883964882653743 -1.0
0.2604646119968372 2.2622221565310148 0.20514007194072187 -1.0
0.4266930040447678 2.3238862392318613 2.8819642921678805 1.0
0.1215432879169892 2.3912523536720474 5.720973574491308 -1.0
0.28688491383544384 2.5076004018173252 8.621639105623274 1.0
0.17114993633707945 2.5609181312855385 11.318126053771266 -1.0
0.44664010927250186 2.293224811088004 14.199401305798439 1.0
0.19550471750610182 2.4097193255532234 17.178538830431098 -1.0
0.08588280658282205 2.2703413277319546 19.98831661686679 1.0
0.1788867830434798 5.147903860088348 -0.07768055479953517 1.0
0.2890975281380804 5.305722054324171 2.679201720199656 -1.0
0.2381477457191002 5.044834760992449 5.5821058669773675 1.0
0.06567625278725019 5.260449463933651 8.633905683574286 -1.0
0.15106985098850734 5.2942511567101755 11.593772858950167 1.0
0.3741915095476613 5.24548585350564 14.592449120644533 -1.0
0.3200426617167108 5.133486439745676 17.349110307731742 1.0
0.143232148079349 4.9543522447005595 19.87741495378194 -1.0
0.22143822617692316 8.094799143899607 0.001404979519576955 -1.0
0.13940188752690724 8.110179810738265 2.9864518648145646 1.0
0.2848393749105211 8.209397385282847 5.645565420732565 -1.0
0.1278424356515929 8.000522628429067 8.676990358328396 1.0
0.1837294706773543 8.021087689209121 11.55446283689973 -1.0
0.05555447493682035 8.29865609903491 14.324587327983064 1.0
0.14484199710385767 7.9891779562578815 17.143190497095627 -1.0
0.22667337841533688 8.314489644886232 19.872462817829067 1.0
0.31952186811037214 11.027459648815965 0.13489583626241197 1.0
0.11286690046586378 11.138067713884285 2.9087818512031594 -1.0
-0.14223489630488828 10.869576028853286 5.826228706996504 1.0
0.04246697716730993 11.016213490711955 8.648042309871748 -1.0
0.23703073532141236 10.837652983096344 11.543648381476155 1.0
0.09328170942082611 10.86676148739931 14.32764513623942 -1.0
0.4287873719428238 10.955346445356689 17.032104780920978 1.0
0.2008227993129861 10.995445696805131 20.040278484684443 -1.0
0.41035076864986747 13.842328161163923 -0.052205463479705116 -1.0
0.35999998464995264 13.816845897231703 3.094568452127132 1.0
0.15767517691085536 13.81037517565568 5.952168700374166 -1.0
-0.00537309549493159 13.922241988454777 8.872825657012607 1.0
0.1679442757246418 13.82720394073521 11.564120782719074 -1.0
0.3693454266801805 13.791584986549092 14.210057276112867 1.0
0.38435206681464507 13.981599038904857 17.10024535206285 -1.0
0.31559599546832195 13.91632103665527 19.978316328227137 1.0
0.3206596498938268 16.68835329157408 0.2925162664447598 1.0
0.2060378062795738 16.711639157266866 2.9320963020275554 -1.0
0.34948091672344833 16.662054778715447 5.6458152856319845 1.0
0.2733490108510327 16.71317248339351 8.636637089211352 -1.0
-0.11416169182898983 16.749172848357002 11.484336511967271 1.0
0.10121613693292734 16.55900606509962 14.23794041896284 -1.0
0.2543178318960599 16.802055903570675 17.087951462984574 1.0
0.39407117986476753 16.91275348632744 20.040356821724988 -1.0
0.3002149415763845 19.66645461654035 0.2394314855100363 -1.0
0.1483119814845294 19.469518787469262 2.824074032842342 1.0
0.5130232068949284 19.452658145156324 5.655438007953845 -1.0
0.37152937912472506 19.4189943832369 8.810552630296547 1.0
0.11442867964147564 19.478559998411097 11.542827772764003 -1.0
0.10722389156728876 19.656833181901078 14.115935971898427 1.0
0.16460304344939009 19.492604055158704 17.17179709631705 -1.0
0.2483403588830339 19.582164661453834 20.09153748351132 1.0
3.0363848878469257 -0.45752105882969474 0.22091172796889358 -1.0
2.9897805234622 -0.33473819210545486 2.931182590374527 1.0
3.1307167044838247 -0.2637146323024382 5.727403110682132 -1.0
3.105855943301558 -0.38872134573396977 8.284073217957378 1.0
3.3838450466009515 -0.18558998404431648 11.337090485500493 -1.0
3.2737965992219817 -0.3305247469892656 13.96945226995729 1.0
3.0195236429072434 -0.32682150102051466 17.106587932129536 -1.0
2.9849066103519926 -0.4568655027546136 20.238441023939284 1.0
3.3148244282431962 2.3327016358326906 0.20360871477002312 1.0
3.0583198681602295 2.6108010601604374 2.9242902320248976 -1.0
2.810957638216601 2.4708516304897303 5.95471985578354 1.0
2.9039357003092188 2.548728124582811 8.464327708171997 -1.0
3.016734790008396 2.4862794794097627 11.317571289886198 1.0
3.17493063763256 2.4891613857251866 14.12117229224741 -1.0
3.088055000478125 2.55339083796648 17.128118379486978 1.0
3.1803509397028615 2.226863939209266 19.986066039400463 -1.0
3.150506368682061 5.090132246801909 0.08427111024387787 -1.0
3.0874268860707583 5.415140277222545 2.780121219395419 1.0
2.9185808472086263 5.298082829208229 5.77485407670156 -1.0
2.9542322496191087 5.313791534465951 8.560356272954062 1.0
3.048304247327613 5.357436634893522 11.343020448953826 -1.0
3.0288927407136548 5.425713532937901 14.112031965441936 1.0
3.2748332540416265 5.287835932501496 17.580245941842517 -1.0
3.2545265081895494 5.018420927195819 20.165552032881223 1.0
3.0698468714156477 8.021795728948293 0.12491960956061707 1.0
3.010934270040783 8.011929382927798 2.884600811623476 -1.0
3.1110070454975585 8.235706536466006 5.656970503112184 1.0
3.1443431093138825 8.236204014542006 8.805790504582047 -1.0
3.29719930148644 8.10565361286449 11.565376899294488 1.0
3.043200801912581 8.186526286854182 14.117962826391599 -1.0
3.1742051579765866 8.01686854250388 17.10102560137794 1.0
2.90543604467564 8.096379966322795 20.010214319911697 -1.0
3.13394657729147 10.998121306276198 0.07474046021103467 -1.0
3.0935033118177238 10.659198688796666 3.0485574796452246 1.0
2.9211935997303153 10.996320198443323 5.886355592919478 -1.0
2.9069227702595186 10.918600111386484 8.5587449999788 1.0
2.9650717338378167 10.962199782973997 11.64344053232651 -1.0
3.2910982489882223 10.934959868678513 14.347842734500828 1.0
3.254173120177528 10.988286467444503 17.077700680112255 -1.0
3.1598638222833078 10.85830557424864 20.030303404475283 1.0
3.158669116354053 13.750825683777544 0.18075151711958393 1.0
3.167331083553761 13.880575720470043 3.20585823027776 -1.0
3.0514894072567555 13.95226048879868 5.977428016088204 1.0
2.9735872613079177 13.673611426447996 8.739829103239813 -1.0
3.0258009592644823 13.8843703659182 11.598185639420294 1.0
3.0045494109026594 13.968550696401204 14.518736514491827 -1.0
3.032028525830694 13.705286259544184 17.331411706989993 1.0
3.0395250373637963 13.721797485044139 20.023557140407704 -1.0
3.0658558269364766 16.744453622187862 0.33341351449060935 -1.0
3.225483126880968 16.85222102476863 3.159130997398105 1.0
3.240723808792303 16.70469225937237 5.60111020195842 -1.0
3.0421601978304498 16.647471353769102 8.546432256250935 1.0
3.0441627816508148 16.77011712241649 11.547947883275953 -1.0
2.8047864443257895 16.579617611976477 14.298526594391436 1.0
3.215584355809686 16.688432133760042 17.01765954156745 -1.0
3.069315177864878 16.80175714466268 20.07016408394565 1.0
3.069142418958573 19.314181901520143 0.07315147720664292 1.0
3.036071158263715 19.652510372585972 3.1000649502624427 -1.0
3.184367373885364 19.69638446050939 5.715410859139151 1.0
3.1382348133310027 19.51882345899203 8.5901600345027 -1.0
3.253804026168364 19.542995761563205 11.373211470327933 1.0
3.0955251836126862 19.677634516163888 14.338243785726315 -1.0
2.961016663098537 19.498561921810882 17.013106499156976 1.0
3.027786015833653 19.531785247707848 19.976592900209866 -1.0
5.778481110017997 -0.5517911168058376 -0.16183045812163854 1.0
5.845333460629586 -0.18220464758302413 3.038956864907137 -1.0
5.91090710349723 -0.2505720158325566 5.879430141505146 1.0
6.101643508452147 -0.254984537941489 8.66901700976108 -1.0
5.96547358536451 -0.3201035547582656 11.363023577600066 1.0
5.877662053665218 -0.10300413889347837 14.141360672709933 -1.0
5.840634653014628 -0.35808163017066263 17.005985797654155 1.0
5.937697109604057 -0.4537075974723912 19.920085052263246 -1.0
6.0288726455250545 2.3309524094770215 0.11903705574239722 -1.0
6.0376924051686665 2.3714031362084587 2.924575533549455 1.0
5.852027152424886 2.5616075476849587 5.855368026093741 -1.0
5.859921209140635 2.599505780137956 8.693023376722763 1.0
5.7436164772784455 2.737086077715235 11.328461757493388 -1.0
5.825455590571861 2.5920065108813284 14.476260429136438 1.0
5.9675641266241195 2.4992860256409015 17.024791776227186 -1.0
6.114837725363682 2.248104400765702 20.004149652778487 1.0
6.124017388429077 5.327484656998116 0.03405879556533119 1.0
5.948390263164547 5.308792504954979 2.8982017763967347 -1.0
5.690884353174787 5.360496198323242 5.823824202673655 1.0
5.735318964769343 5.405527358126865 8.499046363284295 -1.0
5.75591546286275 5.435474699122407 11.624361292829157 1.0
5.690792335923079 5.448977613443137 14.163402121186364 -1.0
5.903014918550668 5.186279643479748 17.19906391145887 1.0
6.33296678975563 5.211808292435589 20.056355767651077 -1.0
5.812769901022161 8.080474458342815 0.11897381434014428 -1.0
5.731310938968085 8.04017392918032 2.8572244423416207 1.0
5.834079125565106 8.033918441846556 5.616813156373488 -1.0
5.905587197393177 8.142411670885286 8.58973028277908 1.0
6.051582987934146 8.329097500812994 11.512627496929788 -1.0
5.859047100085728 8.086251442184409 14.223782201169307 1.0
5.960433575033635 8.03273713112255 17.197572928292963 -1.0
6.048766199431036 7.999879197111093 20.03236858119074 1.0
5.87714690565848 11.051594663114885 0.2275836415809198 1.0
5.918589304079047 11.105512856447897 2.9522557768323647 -1.0
5.848236924832751 11.144419525133088 5.73944403381875 1.0
5.9498430713740325 10.966278424281525 8.684096805603284 -1.0
5.68054988434497 11.195701910436997 11.188222527009396 1.0
5.850822906046195 11.001356579688741 14.414721904419897 -1.0
6.054785505361229 11.04465782466509 17.110515333727705 1.0
5.957517772773104 10.7232709847677 19.990656840911903 -1.0
5.88010700318105 14.150053721500825 0.2021264331272793 -1.0
5.79312754932164 14.104498351290681 2.9197555626364915 1.0
5.846009592421303 13.943501439243203 5.867413464413029 -1.0
5.726352235150603 13.912601910891226 8.79609207508922 1.0
5.733394480914187 13.955210016766715 11.50439157324648 -1.0
5.690612812923584 13.77227150605853 14.382367526797408 1.0
6.006165951052142 13.77757316744972 17.090740920415872 -1.0
5.760969473270291 13.690219214700024 19.8109745011892 1.0
5.975613291817508 16.701006516121073 0.16770640552127086 1.0
6.114620232636355 16.942905478606143 2.9734344220737103 -1.0
6.058628146060871 16.757453043619766 5.674746859868422 1.0
5.897513272304765 16.69901678329918 8.666626228917545 -1.0
5.892524356704061 16.776261468455807 11.422192486243741 1.0
5.925780357139284 16.87939740221312 14.166994187753849 -1.0
5.850445116374765 16.736426199910856 16.774346765969256 1.0
5.84668240374646 16.69690316511854 19.839010955610703 -1.0
6.086206789306483 19.569546697141796 -0.21624885346328782 -1.0
5.9222302462608365 19.659286574342055 2.9008414917270535 1.0
5.910021007366196 19.78890153512486 5.628344591619084 -1.0
5.971756058594562 19.528958869666337 8.624277196797054 1.0
5.888726378981276 19.688529783319932 11.445539414633917 -1.0
5.849827344962276 19.75341132065504 14.373680000596183 1.0
5.860709755357025 19.807910946119055 16.979294398976904 -1.0
5.8280064919804495 19.489638636809474 19.848818167469073 1.0
8.579420400116119 -0.38674417347175805 -0.02009295852118953 -1.0
8.567047510076835 -0.2588245261170954 2.8430730772965074 1.0
8.628126123957971 -0.11447745561509848 5.710501353556708 -1.0
8.695259919817854 -0.18087726086684697 8.513424544705918 1.0
8.64479165240659 -0.3257041322101202 11.372422506724048 -1.0
8.674795811790661 -0.2821655216716863 14.241025765049947 1.0
8.75915739775354 -0.1235548268852753 17.167874036906806 -1.0
8.745169634886775 -0.3513285325452422 19.972926312617442 1.0
8.820374462507365 2.6360344510673577 -0.00022665595769421135 1.0
8.800260635910313 2.6412209792517882 2.721867269434619 -1.0
8.57304595350746 2.4688420776587807 5.7067572210958435 1.0
8.729402490715012 2.580364911706684 8.648084659845022 -1.0
8.601916370847324 2.53763357468603 11.379223145276468 1.0
8.681660427718338 2.457468862346315 14.179234520915788 -1.0
8.9003188128373 2.483470747410004 17.098959762360025 1.0
8.938728277372194 2.5869192465699165 20.01642273701074 -1.0
8.906652591160508 5.518401283684988 0.11091993514428636 -1.0
8.664657001306017 5.544444830521392 3.0626574859202376 1.0
8.718061941606235 5.490905535502816 5.853166491061201 -1.0
8.535719112291437 5.266610162843871 8.41184114770776 1.0
8.62043403137889 5.3427572307444855 11.461945602099435 -1.0
8.586962737866328 5.254385702572758 14.133984522388356 1.0
8.735892296052993 5.2269864441454255 17.11760958827859 -1.0
8.908532635603784 5.383303012547114 19.755327150159268 1.0
8.774889217214968 8.319045872563299 0.11215664302824972 1.0
8.564194944147038 8.304454261450458 2.9624583825190354 -1.0
8.803172731842235 8.40226721381898 5.997792986404541 1.0
8.760522301297888 8.326417380849973 8.560858278994568 -1.0
8.896926136414034 8.271594098279005 11.390733079891998 1.0
8.769071213261524 8.28644766061806 14.267758343616144 -1.0
8.69646878203159 8.05639011150544 17.057254517109204 1.0
8.67932269537638 8.020073972556228 19.914565695199233 -1.0
8.646516769508475 11.108119364363848 0.12381102234815206 -1.0
8.75622700690854 10.978189943745033 3.064072383497424 1.0
8.535648102914278 11.277491812483225 5.726385459440707 -1.0
8.726384071219066 11.408837716590256 8.768464907502912 1.0
8.753225520047154 11.229840756754479 11.386446436722325 -1.0
8.66235195902577 11.068594629446022 14.066238115362452 1.0
8.76162474801682 10.84523045062531 16.9481832084931 -1.0
8.821043006164134 10.76655986298047 19.94645196881219 1.0
8.760645695697036 13.851671578237264 0.12625687662503468 1.0
8.850700323407695 14.195566450003033 3.1600468259633754 -1.0
8.77053596532147 14.044100103657698 5.858358709407118 1.0
8.536182605900068 13.934917638398321 8.809441452027574 -1.0
8.701614270325562 13.828729551757883 11.628322525045673 1.0
8.44191079317816 13.956497555286454 14.235100627740877 -1.0
8.693854091464894 14.04702922582768 17.00870096816324 1.0
8.69563407228272 14.05475152697569 20.11058784280572 -1.0
8.708825774241808 16.85507176418475 0.23545094187804147 -1.0
8.792636811716816 16.821302460938345 2.933194186024554 1.0
8.893028571133925 16.76752042584333 5.827789281335494 -1.0
8.923267838077177 16.695641125487782 8.87855863089645 1.0
8.608943886433917 16.821422688721288 11.541155871898797 -1.0
8.65519886049133 16.854116554940884 14.16483659511816 1.0
8.342015807005948 16.966056318392877 17.01167541528341 -1.0
8.713130497788947 16.989927983545147 19.905054639278188 1.0
8.769968796082473 19.826411532087317 0.14882571727335275 1.0
8.69886733011816 19.734566508389207 2.8436382636876703 -1.0
8.605709655307615 19.755699120809833 5.695147845775375 1.0
8.671554375689349 19.655634124621635 8.41560176696792 -1.0
8.794300843846496 19.514890473360193 11.49375829077761 1.0
8.861986394408646 19.76306655529796 14.301916214160974 -1.0
8.797489245941508 19.573865210626014 17.308731917153057 1.0
8.726666150359968 19.634315369453716 19.924872785117607 -1.0
11.689120318100333 -0.13418250157112865 -0.019923585382393583 1.0
11.846524524975386 -0.03872133729559124 2.9599686962312117 -1.0
11.533764980181912 -0.053163656865670816 5.66376864253327 1.0
11.624751942954148 -0.21117908308586664 8.54164309021512 -1.0
11.522283527403244 -0.3459789116541856 11.53420327771713 1.0
11.641053092212283 -0.18040919056279137 14.298945416260702 -1.0
11.75842733561943 -0.22524526635075048 17.117951456774577 1.0
11.955390652275465 -0.2063196925867814 19.776095238149342 -1.0
11.493538386300985 2.3841873072027404 0.010970845691414155 -1.0
11.757743272980871 2.6741003544125785 2.791073301782947 1.0
11.304759707748193 2.671383396738831 5.828973648697785 -1.0
11.447608521040845 2.657912528222994 8.640030032255735 1.0
11.556787661707023 2.6689279437119855 11.417407748978292 -1.0
11.605594754031602 2.651245232798936 14.150706783723392 1.0
11.70028078993575 2.6223782536586855 17.144945989201787 -1.0
11.712966009170366 2.696701661452602 20.071942484537637 1.0
11.636185918752828 5.435296823293571 -0.009713550510755287 1.0
11.545409996994183 5.672021460261609 2.744654314036841 -1.0
11.566204353727734 5.663104317872547 5.785907486872837 1.0
11.500297763892803 5.450480051794833 8.654000961402799 -1.0
11.555707288672023 5.342074585546299 11.320659563513763 1.0
11.516850216320602 5.375447161751414 14.293599727586683 -1.0
11.58371672359611 5.291845106160071 16.98593824207597 1.0
11.806245597208472 5.35238585653509 19.798689262934563 -1.0
11.54678492295351 8.314163901518008 0.20390775227536928 -1.0
11.409742980145092 8.224845690214128 2.754827644717334 1.0
11.581909569650147 8.19888225057583 5.891829474977783 -1.0
11.443422951829177 8.417208184035847 8.596784728270894 1.0
11.653045323727808 8.201723352190557 11.575085965006728 -1.0
11.573142716560541 8.108228704570692 14.49543833883875 1.0
11.61923573445413 8.114793681485304 17.143474610771225 -1.0
11.653196120086005 8.06711111535826 20.13055480666567 1.0
11.478637308569565 11.211165596054183 -0.017485689717407382 1.0
11.332943470531868 10.943273937544815 2.9743488774967837 -1.0
11.34125802131424 11.28402919109195 5.7353362897253914 1.0
11.430220715380116 11.090617048288289 8.598114565358635 -1.0
11.621200003520643 11.014797015296704 11.590897410688628 1.0
11.583383250762884 11.345347921448639 14.294362956501832 -1.0
11.549604522427927 11.066382700298254 17.04726009162271 1.0
11.590897992153744 10.83684936886534 20.063063973340434 -1.0
11.661949160309998 13.864098641873191 -0.025479907273659563 -1.0
11.553948333111986 14.349358250421766 2.841789393104207 1.0
11.489114223542995 14.139558237208554 5.843823035534246 -1.0
11.48914330902978 14.03596558807162 8.857340568882409 1.0
11.509688475905543 13.860277866732977 11.394081740244086 -1.0
11.405557067974751 14.154750119609538 14.291668005109852 1.0
11.525282445354023 13.896475683224633 17.122785814085745 -1.0
11.54585304791744 13.888722884007356 19.94658226780196 1.0
11.434898410555716 17.08060024090015 -0.41063876844202696 1.0
11.581386141807783 16.985784433261298 2.8588155261089603 -1.0
11.509707287098843 16.869217076111173 6.004594697829509 1.0
11.573502238742735 16.71308985765372 8.71281510259364 -1.0
11.786536067531838 17.017799037974957 11.669769059141554 1.0
11.556771673165441 16.74498789301199 14.284394170711646 -1.0
11.670512899949996 16.777276607337008 17.02853983128737 1.0
11.561837355275719 17.035524479179312 19.736448807582796 -1.0
11.602460956868832 19.82781273780639 -0.11144063801588544 -1.0
11.486874377346352 19.837006878041336 2.763582736200166 1.0
11.544498200907539 19.63502539530835 5.692352186849572 -1.0
11.47877497888955 19.789600255917577 8.57236076722244 1.0
11.410041038724412 19.557908249259008 11.448799703468643 -1.0
11.463846071213203 19.794927386246727 14.327064791900252 1.0
11.640456685937782 19.6728100441451 17.090635229155634 -1.0
11.6064940429367 19.993853400710666 19.90731592017008 1.0
14.36110574827351 -0.08504529046268061 -0.06568263415717013 -1.0
14.474948472294997 -0.36950894626283315 2.661908615511869 1.0
14.445696805304376 -0.21465665023868397 5.840308054515149 -1.0
14.266147817770895 -0.20896719244941764 8.555477189601252 1.0
14.433627910518954 -0.21939662822269668 11.510908129218123 -1.0
14.455106577451676 -0.12890462120752488 14.115079331065745 1.0
14.629442087352674 -0.1315577310148761 17.113767167741898 -1.0
14.727800132520404 -0.08714293849512345 19.783252499521986 1.0
14.458492935488842 2.5801711967469956 -0.11437944407810363 1.0
14.469553068413287 2.6142294409130606 2.8579189774018374 -1.0
14.438515915561387 2.6796453421872926 5.689000626368177 1.0
14.331879164749207 2.5545950963055484 8.558192317299742 -1.0
14.463621934495658 2.560695432539361 11.321020121236 1.0
14.603994480728174 2.516986044524519 14.317907922588885 -1.0
14.667005261631926 2.625818489760778 17.218266530344316 1.0
14.5000610155715 2.6772226187314074 20.08010516978683 -1.0
14.44989005657721 5.321328751042271 0.243612165981327 -1.0
14.516872703071051 5.717199449378799 3.089420182004441 1.0
14.25950758485366 5.634408341630624 5.847690302101349 -1.0
14.401954344091516 5.187918417085055 8.646157982055335 1.0
14.346975338670637 5.297786417414737 11.488268298168576 -1.0
14.7178560941054 5.409322362925237 14.267470016902646 1.0
14.534563252562881 5.352854333631274 17.038372074944515 -1.0
14.489855667716038 5.29660229163745 19.78173221049431 1.0
14.23781888639061 8.205092497156683 0.08146878519794264 1.0
14.398757015032542 8.450270909138798 2.86362898430768 -1.0
14.258780250989732 8.495638802305495 6.107432991291472 1.0
14.331796802216 8.382225221607161 8.75155366000358 -1.0
14.315527459865402 8.015989106777651 11.45368793960674 1.0
14.455105990986718 8.14891810698255 14.19495321522734 -1.0
14.433108296785843 8.158222622582215 17.114979724559703 1.0
14.415708877397151 8.114068410991697 20.097066344426345 -1.0
14.484588974023284 11.157653298795928 0.058335078962423945 -1.0
14.184568389827994 11.236529564211212 2.8915395180897976 1.0
14.34488138449109 11.236786040836876 5.747614861295111 -1.0
14.24778398913297 11.189863148621443 8.685606883690197 1.0
14.305187429611749 11.037380661452492 11.33012280883864 -1.0
14.36093042474542 11.284519333630593 14.235815664056924 1.0
14.48397999632176 11.129448000260263 16.977462638986026 -1.0
14.584825847599841 10.976230338288607 19.95914474072919 1.0
14.308291595180243 13.990155258500682 -0.07276116526189824 1.0
14.428630898108747 14.107249648909304 2.8372582310205496 -1.0
14.597570495370707 13.99943853974065 5.650799337290435 1.0
14.29685479716638 14.123720096983751 8.619242327410332 -1.0
14.302653471978358 13.88456432579052 11.380673721696139 1.0
14.247151792309644 14.078305696436104 14.206231706577189 -1.0
14.385349164069048 13.969989866771733 17.041886277778456 1.0
14.33424043261819 14.072312990861247 19.973200331839376 -1.0
14.403047908220639 17.01322485192668 -0.037455939843489716 -1.0
14.127883977364618 16.851800577221933 2.7405728132530127 1.0
14.643613210166652 17.01904911058716 5.681072211597045 -1.0
14.197854783503901 16.861829500176523 8.597355872358893 1.0
14.534927770664734 17.08501382094496 11.477342926345392 -1.0
14.645178518515458 16.690414154423394 14.345437424066857 1.0
14.341887868381049 16.587508643412068 16.937076878809506 -1.0
14.413535503719052 16.68638802754199 19.79460688457728 1.0
14.37352717447509 19.872105134011974 -0.18183262355161034 1.0
14.345964173421972 19.689086914089682 2.694974601124058 -1.0
14.380495801951012 19.640733937519855 5.7347410098017955 1.0
14.251432012370415 19.681576603582464 8.613939592151835 -1.0
14.507345292849678 19.6287511432416 11.54021340839565 1.0
14.339071760018152 19.56958639328026 14.170665340662248 -1.0
14.457916448752957 19.703724603828828 17.14086593620384 1.0
14.432344259018562 19.528344178682286 19.801685187213778 -1.0
17.396419433520563 -0.3173068970980921 0.39831047376233136 1.0
17.128115399588907 -0.6749308161351593 2.987253969968292 -1.0
17.416969232961716 -0.3097494536937724 5.79413989762072 1.0
17.123214380118295 -0.27177158143452473 8.6137351349426 -1.0
17.340781766126337 -0.4925297383253344 11.294683878145452 1.0
17.261458409004888 -0.0001992104887911239 14.036573126019903 -1.0
17.457542867650258 -0.21280083971689834 16.897669026826044 1.0
17.303452587835427 -0.11109113200303966 19.964169905515313 -1.0
17.230248780858293 2.5039242834547264 0.31989739818826046 -1.0
17.062316045480824 2.8033839034505252 3.02216247420021 1.0
17.162122181009753 2.7591650896290627 5.682878402854914 -1.0
17.13947039084275 2.7082588002075045 8.460464760248996 1.0
17.32661185972251 2.6302420400612023 11.293468375591917 -1.0
17.37142592370977 2.5959245658348196 14.216544923376448 1.0
17.20268740397569 2.370720968592766 17.40291795792395 -1.0
17.32124723305411 2.5755420404915568 20.162666282343128 1.0
17.10327791773521 5.347413053355781 0.25001161224923935 1.0
17.311037990264815 5.346799996350369 3.0351612280110967 -1.0
17.047447255982497 5.748290115935452 5.784255343998848 1.0
17.130634122844665 5.580476289697852 8.540790809425427 -1.0
17.263112560543682 5.4669872743334125 11.548095852268917 1.0
17.425019704875655 5.3407787924247865 14.233521723336223 -1.0
17.13730036862744 5.322683654137393 17.082724691879292 1.0
17.089713697683397 5.111703588576364 20.12356882670831 -1.0
17.20999164140053 8.182572855934147 0.3427572451181674 -1.0
17.17231537457914 8.53039030327301 2.984825360654819 1.0
17.20411143219488 8.492692826659034 5.77492745222962 -1.0
17.313149815918457 8.408071461333131 8.64793154099964 1.0
17.379789878377377 8.225873282151385 11.370078948618593 -1.0
17.129027184877646 8.211616495815557 14.066139311362837 1.0
17.34408091286265 8.008715594172635 17.24466779493729 -1.0
17.321119408165135 8.020819454606618 20.035791334241328 1.0
16.990624290279268 11.156261984756878 0.2047972457762241 1.0
17.024922625840677 11.310104876322669 2.9357444581607024 -1.0
17.19095879771205 11.208332506321524 5.819987201583488 1.0
17.1961746368875 11.170676575192292 8.518517009893186 -1.0
17.032488321128735 11.079071524408091 11.323888620856012 1.0
17.269487277340634 11.045229942081725 14.194967319230253 -1.0
17.545885751491813 10.991059251955487 17.106386506251216 1.0
17.176888433356684 11.01603200537472 19.83071760730855 -1.0
17.371489404950417 13.938851185303491 -0.03461530065289509 -1.0
17.294055470188066 14.077371780949058 2.899673530652473 1.0
17.20317973083261 13.98260910224613 5.6586265495725545 -1.0
17.304622396223728 13.964948507307374 8.60972083076621 1.0
17.0319685680192 13.724951886884915 11.396956199381721 -1.0
17.253614420295524 13.741158391346884 14.255313035287111 1.0
17.297832152461982 13.64527040492435 17.207227023265926 -1.0
17.526145052676156 13.812797602809377 20.04312310217088 1.0
17.244053530833913 16.840824083052173 -0.1416657963894643 1.0
17.283795469668156 16.771859261039708 2.7960845948697712 -1.0
17.29443987319004 16.964103438848177 5.702662226999084 1.0
17.186624011609634 16.850877438755877 8.538563191545832 -1.0
17.320131467994283 16.76825739731094 11.376077538467001 1.0
17.305703405123793 16.66147148071307 14.60608403518317 -1.0
17.28111236781787 16.388016044193613 17.375326165801816 1.0
17.18144378684261 16.568498783075107 20.003878615933207 -1.0
17.286076170997063 19.611173284951708 0.007117761513791349 -1.0
17.160199719411228 19.207326810344767 2.59786226590398 1.0
17.460630097801683 19.54621007688387 5.7637602199451266 -1.0
17.164401664490054 19.661661728224708 8.550137610765375 1.0
17.401609222697136 19.54100991860218 11.278766257685335 -1.0
17.341771902544252 19.690939021287498 14.215184030227514 1.0
17.200035128339074 19.692495340933785 17.017084960843704 -1.0
17.1569677613629 19.617970786415935 19.679986530089092 1.0
20.183856135143863 -0.3433342767967993 0.04553750434892123 -1.0
19.986912007539114 -0.34369515842396936 2.8142527959460595 1.0
20.046944434254772 -0.44127187647683996 5.733286941714792 -1.0
20.10063612481676 -0.24478680467405312 8.590483718317744 1.0
20.13062282551004 -0.18694848617085924 11.35530757043582 -1.0
20.190013707572415 -0.21782514349246895 14.26551220033427 1.0
20.1795820105946 -0.4069585930298203 17.01417713954632 -1.0
20.06053003697288 -0.3829630025043542 19.931530993609673 1.0
20.07387769183057 2.4586111885732214 0.1512031710893709 1.0
20.16555346632791 2.6745222032347966 2.8064847148510728 -1.0
20.00770394729692 2.6415747921201347 5.453757853502337 1.0
20.060546937917373 2.46131975979799 8.291826796321399 -1.0
20.127385021554534 2.5691252028178795 11.18346173651201 1.0
20.38598457651797 2.4901977515711446 14.283471983717515 -1.0
20.054806035269397 2.4350206723807566 17.19257374861732 1.0
19.996504977388216 2.451444858028627 20.050735744128026 -1.0
20.123100386962083 5.377344709938041 0.01817455342510527 -1.0
20.272270901840972 5.40475827667258 2.9165863500181444 1.0
19.871847226375806 5.3944979723864535 5.78065841751701 -1.0
20.077934700112607 5.424099090078332 8.511653437532795 1.0
20.195398866733758 5.553014313264232 11.283977501909176 -1.0
20.367703438314763 5.173110752462487 14.488734343966867 1.0
19.863469711746912 5.078127361524912 17.15234443839551 -1.0
19.87284756425062 5.425539453709221 20.04395187648402 1.0
20.114237681870325 8.280978542324869 -0.06757146119790747 1.0
20.061521207029024 8.307908007437575 2.9324264163118103 -1.0
20.113864903448263 8.193471325584323 5.517122677128717 1.0
20.275948228331742 8.34762047049814 8.191917887266506 -1.0
20.082700759564833 8.217113643711375 11.530612115351792 1.0
20.082429919381976 8.005970791447607 14.394352261972879 -1.0
20.126141296698865 7.9634130126361 17.148085117118335 1.0
20.16241535423075 8.209041169858631 19.93709206058521 -1.0
20.038163772708753 11.01717800990485 -0.05512861400829294 -1.0
19.88153915525729 11.19217988059794 2.778002895255776 1.0
20.035465670436075 11.202773620248092 5.5308034335517435 -1.0
20.122893539589278 11.257003612903127 8.589571153279774 1.0
20.068441605479006 11.010635722831958 11.342623133629624 -1.0
20.187297279342783 10.985671517096113 14.131729864691476 1.0
20.203182914044298 10.853921533832985 17.13537317958582 -1.0
20.081160010396516 11.191583015028204 20.043923036528405 1.0
20.04383244517107 13.962443186737971 0.2231046804777305 1.0
20.30292357643323 14.03743000762379 2.9775887847922724 -1.0
19.966812950351095 14.03702097959038 5.634942787144987 1.0
19.929947536632703 13.954706697079803 8.67191101663929 -1.0
19.771327600718173 13.739379609313803 11.389204384246804 1.0
20.036469295723258 13.783573074882074 14.136356170213258 -1.0
19.885746783773797 13.782262895887412 16.849505825012795 1.0
20.273405937698765 13.931879654465058 19.98946830373632 -1.0
20.309606187618595 16.707196699532606 -0.0769458824817768 -1.0
20.13991229060076 16.793853508326606 2.993551516663382 1.0
20.29745849934159 16.73919916745168 5.816560870384161 -1.0
20.129082133295697 16.75214704443339 8.541374442856467 1.0
20.08024864338033 16.74638702836594 11.464762275213007 -1.0
20.06607635061771 16.992212370531817 14.302739774926952 1.0
20.032435672254373 16.51744371535191 17.16671667924312 -1.0
20.38004623892357 16.574332389276154 19.933234621553677 1.0
20.17802083649899 19.485705157421684 -0.006249079156539494 1.0
20.00792097212041 19.407171988867074 2.8363912959650803 -1.0
20.05796590348459 19.47723516662128 5.861422653741911 1.0
20.163526173172375 19.71905446288983 8.557981703909345 -1.0
20.0772339221431 19.72102945905521 11.36193498535383 1.0
20.08337497031481 19.757068867519234 14.120724522371475 -1.0
20.23172106323424 19.56536169491925 17.235797603776067 1.0
20.11904963701304 19.36419430232297 20.033394550174705 -1.0
