512
22.728
0.3476005262920973 -0.07046502150410916 0.16761900638674918 1.0
0.10018463542976974 0.0924131011724266 3.2075623970441574 -1.0
0.22761582074182252 -0.22136476922509374 6.255293303834685 1.0
0.07934371805865251 0.04540976490623634 8.75196589539103 -1.0
0.20852709075775572 0.01530400757285122 11.81241825371117 1.0
0.019042685114909197 0.06850372860854899 14.268112483889215 -1.0
0.3499125123531436 0.1579992681728627 17.040140009306057 1.0
0.3761581794769176 0.13135718242078465 20.118675358573462 -1.0
0.1469169031519067 2.835397945443217 0.1973355679831925 -1.0
0.11298954761405322 2.8559274468124136 3.187000089191467 1.0
0.1638496579012673 2.785536815196414 5.961294629138508 -1.0
0.09268692456018265 2.831777843196747 8.856138848415526 1.0
0.29131111659281544 2.7608949419721176 11.605209582292424 -1.0
0.03504202359211334 2.9545911978289197 14.33574627899541 1.0
0.30748343050859583 2.913178452343831 17.101852844364345 -1.0
0.1682676798248451 3.0126440258114693 19.888055845106397 1.0
0.22598110595077955 5.675083446826912 0.12986607810174322 1.0
0.015726235646451224 6.015864314377586 2.9677425298807734 -1.0
-0.05373661559785248 5.6695372385462255 5.88969530987785 1.0
0.13165820234548647 5.695538613825198 8.602366254578921 -1.0
0.14258704585591167 5.587409937915446 11.639366122145384 1.0
0.13816589988740904 5.79212511453698 14.345375824588226 -1.0
-0.06232447301652044 5.83981315188243 17.01481394599913 1.0
0.11222225112352294 5.975414300909764 19.996930149392075 -1.0
-0.04169897333891015 8.658707775595923 0.05166511487459187 -1.0
0.002154894052888115 8.647594634134501 3.0532998046341158 1.0
-0.040371656309179826 8.484463258242553 5.982666282681941 -1.0
0.28031092842584704 8.41684864291718 8.828296778623118 1.0
0.05895837688012119 8.470048885481003 11.753796039122445 -1.0
0.016313596767115853 8.650554962284493 14.349416832919323 1.0
-0.02227170820087565 8.793079019480109 17.057688577170065 -1.0
-0.0686703937061246 8.641496469611843 20.03937295174734 1.0
0.07186155457285695 11.482618817708179 -0.11535806217832345 1.0
0.047122782634672275 11.332988782478797 3.0970612994339755 -1.0
0.08773117613803924 11.28086768843246 6.252116504923722 1.0
0.22136492187842377 11.124675391814293 8.813788661678116 -1.0
0.0825963832191182 11.40851769278581 11.404105236873573 1.0
-0.09456075772503425 11.393316897171735 14.35294535518894 -1.0
0.040475048341588375 11.434019160844594 17.034232629241775 1.0
0.213447869886301 11.486665159808242 20.089434286010064 -1.0
-0.06204549405142146 14.352242113057436 -0.0630514790209098 -1.0
0.08937749866437676 13.960222098877422 3.25340287710733 1.0
0.23388012180953777 13.977662924461864 5.968029150339451 -1.0
0.06522831817122939 13.957433073500358 8.729934159243124 1.0
0.0688236348601803 14.23563489350744 11.452377793283304 -1.0
0.4271585144130661 14.161329230960993 14.426387808879335 1.0
-0.06166461365700826 14.206468851665006 17.012019435032144 -1.0
-0.18331611458085817 14.34158971213335 19.846763869284782 1.0
0.13045275007055782 17.258133324692423 0.24889354282630632 1.0
0.030560309042925234 17.186546470381177 3.054276085979886 -1.0
0.029552316014668976 16.917417588252658 5.9576814365881265 1.0
0.29267734378069243 16.854244046344697 8.555707893970089 -1.0
0.10048255089311675 17.00476788732063 11.618840640315696 1.0
-0.01979990600785797 17.048650397034532 14.344225861348196 -1.0
0.1253678388029057 16.921529363646513 16.966279872756562 1.0
-0.0641256740515459 17.301280603562873 19.865428537454797 -1.0
0.11937381385983235 19.912602321020092 0.0627169897406097 -1.0
-0.08876901671593984 19.935131371640388 2.972276908007238 1.0
0.1788596284411662 19.686381930661895 5.955204872291961 -1.0
0.26962084427027866 19.850055289912437 8.76694104671409 1.0
0.3971714935385366 19.895842256402176 11.631608533082764 -1.0
0.05935447524616497 19.722019332778572 14.284578952677915 1.0
0.06992760693033614 20.22173872014851 17.069860232788834 -1.0
0.0914413806088119 19.943124594599407 20.062848129951938 1.0
2.919543088163057 0.03576851054909487 0.7125674615152255 -1.0
2.7307841148222702 0.12220677358178926 3.185487879184475 1.0
2.8325073600249473 -0.09194055885235741 5.966816613388543 -1.0
3.003905718442866 -0.14657423029222372 8.841835130812587 1.0
3.068632373357281 -0.13571466661372256 11.772691811282831 -1.0
2.910843181174838 0.009132544297909106 14.40799616049902 1.0
2.926805212747425 0.2314575530867757 16.982828460985953 -1.0
2.8735873855798886 0.008064369756632338 19.81998122436334 1.0
3.1245660039290764 2.947540011807284 0.2713073363555099 1.0
2.933051153242466 2.8324921704766015 3.3246049201316974 -1.0
3.008198764736999 2.9388454546646217 6.077282002258249 1.0
2.9440587136519194 2.739769544710878 8.829142540710755 -1.0
3.0199079157904904 2.840317320036501 11.697548223649294 1.0
2.9156629437756996 3.060535357195109 14.303358339594173 -1.0
3.03388336994073 3.0637735868518687 17.048458505793615 1.0
2.998392166976617 2.9059601344625943 19.989149015045697 -1.0
2.974835852606996 5.569403928205513 0.0053685396866215394 -1.0
2.8885852430496475 5.654271396114906 3.1320712185844934 1.0
2.833207816186522 5.613090331504748 5.946579899050002 -1.0
2.825095473599738 5.623723206223624 8.66253060137526 1.0
2.700291279330173 5.707373961832733 11.311147462348485 -1.0
2.898208720969668 5.999045063722599 14.26754891981766 1.0
2.927908484459625 6.006401879571382 17.278724925569385 -1.0
3.0047962021150725 5.877219398902808 20.05204548306832 1.0
2.832115905851024 8.662923805113609 0.1945000487761818 1.0
2.9792970105356598 8.533136150098228 3.061490833186369 -1.0
2.9158042205583157 8.68630269931578 5.881678033246709 1.0
2.8995683599460063 8.551878008248273 8.627685252030844 -1.0
2.8863352637824775 8.427256924742542 11.309494212540136 1.0
3.0055938619903197 8.556045777816447 14.337842554067251 -1.0
2.671801904606924 8.67106790997109 17.33932050268663 1.0
2.918809852575022 8.705046689527608 20.16570234149602 -1.0
2.8152279692908886 11.345929070585438 0.3307376971558671 -1.0
2.862556688942672 11.374558611035946 3.2321162377108807 1.0
2.866088727931627 11.46079114536803 5.911153887173489 -1.0
2.8621599662534156 11.464201745541844 9.001270570442937 1.0
2.7829777590136846 11.435048368160295 11.539674759593993 -1.0
2.9827043163559543 11.338588203571078 14.437355346828115 1.0
2.937123718445362 11.534187581299603 17.12407322508293 -1.0
3.118833398194788 11.365432859043809 20.112935944332627 1.0
2.714679864812291 14.17018009916836 0.15806440052370235 1.0
2.9020496380510714 14.306109450648977 3.0217542175483567 -1.0
2.8328538362191247 14.312522983573102 6.164925647762519 1.0
2.7179295341664353 14.037084739641823 8.855249062544859 -1.0
2.789471438599367 14.23814262890178 11.503048046296563 1.0
2.963794903936701 14.349172212853842 14.524235840654633 -1.0
3.1557364911060417 14.182418157893427 17.233045121804224 1.0
2.9833135060070646 14.028487976048986 20.18328333363287 -1.0
3.0732588372435248 16.949188121409883 0.09268156731149106 -1.0
2.8928885964328397 17.12389552777705 3.1407188934686787 1.0
3.0028200510291514 17.078480214842056 5.926024553221844 -1.0
3.05295013416643 17.091466227858056 8.867012976780973 1.0
3.136214136314532 17.02831095012161 11.474732070686569 -1.0
3.033375604416906 16.985450965180476 14.58973461603776 1.0
2.740183947246213 17.026841619372046 17.29305945752822 -1.0
2.898787346636136 17.07499821474866 20.04085754510658 1.0
3.047740887155138 19.906116545425235 0.15956219705883193 1.0
2.8565604268701907 19.933770085742957 3.000822825468226 -1.0
3.0981822004716295 19.822823450687448 5.933443340015925 1.0
3.0246215516105526 19.781313218270697 8.776807984055976 -1.0
3.2482806737080887 19.917896503096824 11.78345945698259 1.0
2.9801566879358696 19.79460220114588 14.419917988598739 -1.0
2.8713570353992157 19.9037916995948 17.146294455415738 1.0
2.931866134100142 20.077216985433793 20.045813371275692 -1.0
5.604779125066561 -0.07637039717797833 0.3539290503542531 1.0
6.02126926475406 0.1806492006026263 3.000690800210256 -1.0
5.678904827903012 0.20192467645236178 5.848972982978264 1.0
5.826120513869859 -0.04167334110405024 8.627006087423357 -1.0
5.740411550581649 -0.07872272800908675 11.641083115713126 1.0
5.741270253775545 -0.23195093621506047 14.489881198940433 -1.0
5.860031617243854 -0.069885584806606 17.22384865342621 1.0
5.67434565129859 0.16748316279947473 20.041614507881555 -1.0
5.708983488100369 2.919117819307991 0.04108949822408537 -1.0
5.9132488532712575 2.8561600423503064 2.914857458615223 1.0
5.786523488392523 2.8315529900263186 5.736249153445552 -1.0
5.865612318544528 2.700229114569827 8.889962520613453 1.0
5.7918283560737835 2.6760543060147346 11.695425908464536 -1.0
5.785496958287732 2.609644524769458 14.46128765159307 1.0
5.8745517849838755 2.6774706429700004 16.996372081429506 -1.0
5.767139828189972 2.856403804283573 19.826056533957075 1.0
5.826470558928298 5.5905871884031875 -0.16576447346430712 1.0
5.742640975725531 5.628965070365843 3.2011845250379203 -1.0
5.6103946368236945 5.7517075500627755 5.994379406886473 1.0
5.624887281610807 5.594969717726192 8.674918157627653 -1.0
5.650174821916985 5.700533256565066 11.459841155173816 1.0
5.7754296213113845 5.7033987063856015 14.338543750334399 -1.0
5.864787458303928 5.801258403657045 17.113976344719724 1.0
5.9500186520974125 5.532917578848902 19.804148100344463 -1.0
5.807013763734144 8.570745015209075 0.11385960989877714 -1.0
5.692866561848741 8.62216275005172 3.034819516278825 1.0
5.901188460067961 8.603868048087593 5.78410588577934 -1.0
5.680691880080802 8.476948389292328 8.491915590796772 1.0
5.633180228313001 8.675114184488336 11.410922394904468 -1.0
5.64310533647006 8.549340616910365 14.376248622408426 1.0
5.686968182646434 8.552283525464404 17.111709703018718 -1.0
5.995459532616758 8.418937365169139 19.95184915485224 1.0
5.712376958933397 11.47124528454374 0.4717860726352207 1.0
5.728172027845193 11.322224954274107 3.1494082597163144 -1.0
5.729315147427926 11.596379695423504 5.977265324705926 1.0
5.8039407566428345 11.30422569443903 8.684961838486727 -1.0
5.723565049979885 11.538622405829756 11.541890425584251 1.0
5.732976541107931 11.399737072411718 14.405907654892827 -1.0
5.92738675085587 11.279098750310851 17.23444121222632 1.0
5.8992011225899255 11.334113984453275 19.95439166116628 -1.0
5.929177919097762 14.343870919278022 0.3673496721660941 -1.0
5.601055920610945 14.586817235239568 2.916621745948572 1.0
5.8238320417274565 14.38943899528892 5.924532992676843 -1.0
5.804653907579901 14.44233484968183 8.70266483631628 1.0
5.5133885275544365 14.252212343944054 11.420838583441174 -1.0
5.52256535419746 14.338913284475337 14.62855740938895 1.0
5.896403530700519 14.316630669565969 17.283638935514208 -1.0
5.6655776024058335 14.302898527066175 20.238476523526664 1.0
5.775699594944072 16.995942543412973 0.12603530527057155 1.0
5.827614978115087 17.51890426036325 3.1426739710846756 -1.0
5.80653063093456 17.134263035278575 5.939765691430623 1.0
5.890259382156895 17.11240402057613 8.68745342905817 -1.0
5.823024720593661 17.239603955876646 11.740088688208852 1.0
5.4861557098740885 17.212172186767432 14.499328389193389 -1.0
5.940595615188341 17.016292796010042 17.304787075037833 1.0
5.618208658383034 17.1490737457847 20.13751262722741 -1.0
5.717465168719369 19.980417925539268 0.3131143544355457 -1.0
6.01098880961604 20.115754837555322 3.1176732864429804 1.0
5.925914308206563 20.10588297501028 5.911104353812945 -1.0
5.74568693306792 19.787478931047495 8.604235420842544 1.0
5.839152961595452 19.932189761022222 11.40576160485394 -1.0
5.88893332665539 19.994154347966937 14.273125133082251 1.0
5.778410252008326 19.94058670761805 17.500157710428596 -1.0
5.702729541330709 20.073829908938507 20.09463526422474 1.0
8.572829664040459 0.048325127154147086 -0.045220264433492474 -1.0
8.723532057816518 0.02222447702677144 2.8212439365755877 1.0
8.729265944405457 0.06671515215736079 5.96671765640091 -1.0
8.674446199948294 -0.3184518141577328 8.65893114755791 1.0
8.553719911083036 -0.0514923530044058 11.745895553373959 -1.0
8.509189493679843 0.09920774373178934 14.416598104927322 1.0
8.632701065805408 0.06627328968070764 17.035931953180928 -1.0
8.845375994013134 0.31598910027258403 20.01303012433027 1.0
8.604375665950121 2.804316987161394 0.02896131698515799 1.0
8.697723259300014 2.8333546467434525 2.6785026681319013 -1.0
8.577550225182948 2.6734845971473287 6.03907207225807 1.0
8.538791656491204 2.858007707361766 8.809170019045457 -1.0
8.50076122358204 2.81466277667764 11.647522203387686 1.0
8.416615711693447 2.8498672408710686 14.463109952260707 -1.0
8.72282792190881 2.901759033545246 17.243460161356534 1.0
8.713955815366745 2.932291127641976 19.955616919116906 -1.0
8.606746412119552 5.737336805037112 0.157058322134266 -1.0
8.570108546714188 5.710827756706143 2.9310144521208326 1.0
8.626248030913516 5.693288075897816 5.855574732577644 -1.0
8.348643570322874 5.600149647997547 8.672202384422269 1.0
8.364897495420196 5.6722999075510865 11.553222555215326 -1.0
8.58162910777189 5.684003624102081 14.52043041708542 1.0
8.880563696177038 5.68088800910678 17.223389363588634 -1.0
8.934600474563782 5.630933499822969 20.3388530533745 1.0
8.543898230541926 8.545909876958818 0.21837786304844453 1.0
8.627006787230679 8.546150635065587 2.8831217685180532 -1.0
8.5631326613256 8.329134917251059 5.768477335462672 1.0
8.714581617947037 8.244354270679004 8.667695899736813 -1.0
8.552671800493822 8.539823166192326 11.521199833101065 1.0
8.62026363606376 8.335428794629275 14.409473797964909 -1.0
8.61943932417058 8.556962130369401 17.14319853498756 1.0
8.664022044347604 8.541389134613347 20.349404508197733 -1.0
8.667317478883165 11.490978814633795 0.16709247546057893 -1.0
8.564753664003591 11.477897023167486 3.04276957943613 1.0
8.464549613227156 11.367664285288074 5.923968404225539 -1.0
8.284942052337355 11.229365395921755 8.719982145292848 1.0
8.49535726027534 11.501769319260857 11.349735906819193 -1.0
8.644352175914621 11.54400977255365 14.493742868663531 1.0
8.46756494564482 11.527141383827836 17.262009578708206 -1.0
8.598991821801016 11.466451077664354 20.301177782862062 1.0
8.734913365394616 14.25569732342391 0.14712479374924692 1.0
8.678976742129231 14.389822554457492 2.97155674023373 -1.0
8.803802263374514 14.172203344320653 5.819929944749441 1.0
8.489062732966401 14.183165296810985 8.692167580126487 -1.0
8.649918948726873 14.231154865949668 11.551216932583117 1.0
8.539780766474589 14.212146878805743 14.130569524468848 -1.0
8.608824757439352 14.422051553886638 17.44947035660474 1.0
8.524105928568195 14.293524720316626 20.054011619730527 -1.0
8.823958616345086 17.22416203160457 -0.022170520238322666 -1.0
8.822541950988976 17.223361728756238 2.9700770124848663 1.0
8.639097376144406 17.31066324499943 5.955793356452037 -1.0
8.798141436987082 17.258248219849367 8.639552796980084 1.0
8.436222161158039 17.314753441302493 11.786130791111175 -1.0
8.703600069466706 17.269589135382247 14.408769460566738 1.0
8.582525724579973 17.182785235189115 17.3233333854549 -1.0
8.704253229906074 17.319881604652352 20.06421834593797 1.0
8.733021773146444 19.968880766792036 0.1122519923935874 1.0
8.816109702190188 20.079194087296884 2.7521873216635373 -1.0
8.644008229927655 20.087920849440053 5.792508234966012 1.0
8.677130257512493 19.7767369078736 8.814012060929588 -1.0
8.539465485528398 19.78754024224478 11.33742089687417 1.0
8.642126464470063 19.930773983869926 14.513339117918102 -1.0
8.456383536139239 20.06529532370589 17.3627947181795 1.0
8.620776407635729 20.082801419352943 20.12098323599221 -1.0
11.343551103447304 0.06920795646692274 -0.10527415053682887 1.0
11.517772313606006 0.09567164430873223 2.9610603198726095 -1.0
11.336788236444317 0.07187913052124524 5.782028045536734 1.0
11.244683420453864 -0.11503398981757229 8.520046829844867 -1.0
11.37216240669323 0.031381087465877755 11.65923348688172 1.0
11.404254559762418 0.016190170312599124 14.3489672812916 -1.0
11.365632167548323 -0.13874465358015087 17.02394275085886 1.0
11.484232360201206 -0.07975729841933443 19.86524271917933 -1.0
11.577268144048334 3.156137293532271 0.03499789031499583 -1.0
11.448780410852846 2.8994712852337647 2.9315173661011964 1.0
11.30297385575359 2.8340800605201166 5.960445541963574 -1.0
11.275044358663155 2.7407289144261275 8.744297760872053 1.0
11.400602280303296 2.7179000780790754 11.672021713494257 -1.0
11.53043484729856 2.917165319517888 14.454135970452528 1.0
11.60328703844118 2.9813255279445454 17.295377415015707 -1.0
11.695766786571943 2.8470257767973655 19.92257818981396 1.0
11.608749914649366 5.788912183556807 0.14497078091093407 1.0
11.28221573508928 5.916743532088647 3.1517966293650796 -1.0
11.565797400680118 5.576750535971185 5.955760929285981 1.0
11.512282551079844 5.678684983783652 8.574190522406822 -1.0
11.321023902108047 5.636771617246631 11.445708933309609 1.0
11.337544595664395 5.932108669481995 14.264626227331757 -1.0
11.585641737888391 5.74435225889568 17.335327196503993 1.0
11.665100148487648 5.541014216228936 20.134178346829977 -1.0
11.368933678020326 8.617266908842284 0.17778720942518544 -1.0
11.301039217089242 8.617286241140095 3.1428700111934575 1.0
11.383117754370662 8.547350790729134 5.954597415405286 -1.0
11.519113191264223 8.644034962675605 8.770876188030654 1.0
11.33567875374564 8.590506604084313 11.606116551499678 -1.0
11.453084658122975 8.560673781812525 14.259881571555024 1.0
11.4089929565706 8.759120466921194 17.317242034039257 -1.0
11.660476371506197 8.459870010042907 19.946282064112935 1.0
11.46431859665399 11.308459293531 0.3499226399122723 1.0
11.216071769604929 11.591803342051325 3.1392637377059764 -1.0
11.55559617686444 11.386415983688178 5.991387686465848 1.0
11.517086791724774 11.39014846891539 8.708448272911797 -1.0
11.384328429335742 11.40240955944769 11.581922876088923 1.0
11.302183586881252 11.401987996739873 14.340131124036605 -1.0
11.35283305038236 11.532092307260525 17.246719991249556 1.0
11.446413004216936 11.49338875622909 19.982359003963772 -1.0
11.406097919921839 14.330969184376544 0.23923404304195064 -1.0
11.45089896950558 14.372395718783832 2.8440997356098054 1.0
11.520120331702625 14.466238931865941 6.205886358867896 -1.0
11.468961870434361 14.114925152183822 8.871432311962874 1.0
11.480013325901636 14.184034851958996 11.743693449038508 -1.0
11.363935484682903 14.088682061974175 14.443426860997858 1.0
11.378794857573531 14.299239222147087 17.366758852654566 -1.0
11.266008568165994 14.276033078235196 20.048017381693928 1.0
11.553597572829357 17.15189993120595 0.1604538189463412 1.0
11.49688047529507 17.277636213414855 3.0921355149932723 -1.0
11.431184593649473 17.064825411367085 6.023469637158289 1.0
11.556739796689609 17.07973486835376 8.834042651688447 -1.0
11.45619143179188 17.01724354243564 11.466204424397928 1.0
11.369965783383051 17.15582027280533 14.415951182727898 -1.0
11.589475748345794 16.97131631172418 17.189614274304187 1.0
11.427591178956895 17.094908431360103 19.936265855338565 -1.0
11.648749816340302 20.0866042861572 0.14490375524118115 -1.0
11.652279077716143 19.954425293864784 3.2458039607637863 1.0
11.177673227351596 19.971950293815585 5.935636382236837 -1.0
11.446943428541235 19.940603622228974 8.62608736205373 1.0
11.384055516406004 19.90280264851042 11.502850698519175 -1.0
11.279965469170854 19.86333298904206 14.271354026365673 1.0
11.578851829091242 19.744635811096888 17.12485125415087 -1.0
11.38729214292578 19.73456760624461 19.999217556915752 1.0
14.238824520578037 0.22767965316471067 0.18785127213658823 -1.0
14.352136027101979 0.07584087432090139 3.106472410601234 1.0
14.172948200342898 -0.056780157674951766 5.870647294371396 -1.0
14.286339652816762 -0.0911223358954878 8.644657123297767 1.0
14.492057394755497 -0.09560452309159473 11.662026297861313 -1.0
14.10668051701063 -0.11848318536161173 14.388967964062148 1.0
14.394300596410302 -0.2494397750897015 17.048538844339888 -1.0
14.237917285347901 -0.03623008825988805 20.01802198709981 1.0
14.31537129585192 3.022252910876948 0.13631548661347664 1.0
14.345730719329676 2.9303592445297326 3.051613692120966 -1.0
14.10627025825222 2.7965493336517633 5.761754624011987 1.0
14.23772722363293 2.6429866083669737 8.708743097848833 -1.0
14.372794405076498 2.6148907564888733 11.548419100943233 1.0
14.194559828172098 2.828215959027902 14.499185329906613 -1.0
14.328653776891091 2.9279452850947676 17.179263847511365 1.0
14.387868649799355 2.9911353305446586 19.932459998062697 -1.0
14.46678389892779 5.679862224509979 0.3483494430004192 -1.0
14.4268297841864 5.566566001955885 3.0654686981468453 1.0
14.365724671508985 5.846078550631544 5.949203190677532 -1.0
14.192473009117776 5.586152359507056 8.76699937076054 1.0
14.243734067876472 5.625150238778279 11.72019929579588 -1.0
14.245731799304174 5.754496733971848 14.439358821205156 1.0
14.203010588165231 5.49746908602041 17.098512174836763 -1.0
14.222111412169687 5.498078112682101 20.072381920156907 1.0
14.300801377082829 8.402201948686566 0.31562397452812013 1.0
14.19716727941392 8.498069003253342 3.1110639244445824 -1.0
13.999691702929002 8.434511723363265 5.97511950509371 1.0
14.17996433929096 8.342947168349406 9.038095466937314 -1.0
14.434279231047906 8.50134450510185 11.730359883440302 1.0
14.415282228958427 8.563626942132997 14.484228758008953 -1.0
14.158981102071168 8.492696371867458 17.246670169487707 1.0
14.148947459057819 8.425093101927477 19.995976377150768 -1.0
14.279701893944218 11.253916205972814 0.35883283816201283 -1.0
14.133458193184183 11.205855336292233 3.1612721570934883 1.0
14.284612030197833 11.283006170832884 5.9086697059480615 -1.0
14.452823083717265 11.221944810255543 8.900334519188544 1.0
14.26556383014697 11.404373945354887 11.831164699946353 -1.0
14.461065637364317 11.527412214586697 14.365754480865668 1.0
14.13311920943827 11.505953024114156 17.02891309701818 -1.0
14.017392840137887 11.213049502056823 20.262327371630917 1.0
14.215127710803209 14.078170466843414 0.38027328040328007 1.0
14.133122058481835 14.294927054928978 2.9998329478891095 -1.0
14.3414576470457 14.338656679372935 6.134155674068636 1.0
14.401522564198551 14.069149646736852 8.751140461739933 -1.0
14.515024213469205 14.002503392100042 11.676921696201482 1.0
14.30172503414961 14.329003845543822 14.436579560275069 -1.0
14.494502009067466 14.163846532445678 17.21412544909215 1.0
14.312450883902342 14.199188918030023 19.99078607145235 -1.0
14.348727688826667 16.9577054689205 0.33325748141557054 -1.0
14.220989843570159 17.279330177281945 3.175840334215437 1.0
14.516037156053201 17.14425551958278 5.930364883026344 -1.0
14.258705385119974 17.247272972180372 8.75956587207283 1.0
14.248219464722933 17.125897279806992 11.260656247331188 -1.0
14.275654712655953 17.040265922678618 14.477539886000933 1.0
14.372170451674476 17.074643291212862 17.32751204205262 -1.0
14.495374686949328 17.366385969347032 20.04634051936992 1.0
14.441180399642032 19.959941924680617 0.29116806488169 1.0
14.321382071600082 19.90432542534301 3.356089419878045 -1.0
14.684844678222893 19.85779506724168 5.941498706345987 1.0
14.412727311851663 19.943546385632853 8.636075584154089 -1.0
14.533036174632771 19.856303611028515 11.45789472312864 1.0
14.514575390440019 19.722462476153584 14.225102717863875 -1.0
14.415198794857302 19.739707582289455 17.04470244754013 1.0
14.267545471204171 19.947970432627283 20.23135054111035 -1.0
17.369968960155738 0.1633792360267279 -0.11948693348485406 1.0
17.16218171178045 0.1265072154046715 3.2388541576584142 -1.0
17.014150103195465 -0.19035229391379005 6.04313120305562 1.0
16.99446131379455 -0.24300748879592504 8.632582525373298 -1.0
17.3130500759062 -0.05416903983176269 11.36255590353912 1.0
17.271825923719668 -0.10257072983950266 14.324264260791576 -1.0
17.484101092553527 -0.06125377454399583 17.162473670163944 1.0
17.054083623144983 0.12975797673022557 19.940114175673646 -1.0
17.138311262529967 2.957629369728998 -0.08262357151384236 -1.0
17.195815223756796 2.8684727923937667 2.809485184858704 1.0
17.299378753806305 2.8299065891688993 5.92796105900924 -1.0
16.955397129031844 2.7474856029267243 8.727681806836076 1.0
17.076425706702203 2.6107296292230533 11.677693850503257 -1.0
16.863236228880037 2.612902116740162 14.36182925289221 1.0
17.273313631243585 2.772643043933989 16.941089546138624 -1.0
17.298199525190213 2.8869445764750075 19.91770396985846 1.0
17.153536921180443 5.7030747988638835 0.17401767316951022 1.0
17.233921969601894 5.583558047056895 3.1366272768317343 -1.0
17.210475249001973 5.457506013093609 5.987950396418592 1.0
16.986699832382815 5.440697792555019 8.941780555352604 -1.0
16.96155196176055 5.722120724710809 11.85990350649766 1.0
17.044676492399073 5.431332526595181 14.487092619646146 -1.0
16.956106291477283 5.755076062036024 17.21510305122118 1.0
17.136910304140432 5.776670212172689 20.030734202293967 -1.0
17.138155396008607 8.41740934159353 -0.03150823942668879 -1.0
16.89396431802564 8.393189784106196 3.2785230287146367 1.0
17.141249105353 8.353909517550814 5.982927112224858 -1.0
17.279748388246887 8.325576244647076 8.821395721087335 1.0
17.203894125086727 8.435341918847769 11.837916497873588 -1.0
17.234337241746605 8.612679246599104 14.58561344679222 1.0
17.054030016313035 8.610310434458397 17.1881603062878 -1.0
16.793276602765516 8.456159924772573 20.047195734051115 1.0
17.317871563249863 11.251041059512813 0.24823794499449464 1.0
17.060277724811524 11.445372558641022 3.014006727367884 -1.0
17.039048007501925 11.285460814880327 5.947244313030146 1.0
17.101974276807184 11.076915148352303 8.808889637871369 -1.0
17.274731987939724 11.144583470096158 11.635873817027399 1.0
17.151473559882263 11.258164396069578 14.50237043257011 -1.0
17.147319638253457 11.408993682483976 17.178881980210093 1.0
16.8198692293324 11.241386203145442 20.124707405445566 -1.0
17.104945852864986 14.19947570850325 0.22560271328175818 -1.0
16.840735050557473 14.048176369396794 3.0970135616234082 1.0
17.264128026215445 14.157984899877226 5.982284583900994 -1.0
17.19497435594337 14.099674407375375 8.72245576194864 1.0
17.123607957242264 14.11577174424135 11.382384563601791 -1.0
16.93592136329148 14.260841521136166 14.345601208384245 1.0
17.195285494707463 13.979499642484374 17.07833150786262 -1.0
17.02484376130149 14.082652022574358 20.37086908221631 1.0
17.057688585466874 17.036915080871935 0.3774897330123962 1.0
17.037206257287515 16.986467779426068 3.1665865525828276 -1.0
17.355715790210922 16.982305336838003 5.904359195436028 1.0
17.382042437253865 16.920361643458293 8.500559210907078 -1.0
16.98892622506597 16.98554905901563 11.61135370148545 1.0
17.146833570557835 16.958625480994055 14.667325745961532 -1.0
17.374724171180215 16.91797898154616 17.311512679169258 1.0
17.175650468204214 16.940481418878253 20.191781337534167 -1.0
17.0274242997039 19.98152197669904 0.32708633151643757 -1.0
17.176672138496514 20.092147849834294 3.1164833754311525 1.0
17.38974881268336 19.996082630622713 6.010504740840419 -1.0
17.2094746290869 19.80278755408586 8.742095887904089 1.0
17.133781050098396 19.621259845819658 11.515204307013962 -1.0
17.193447394170967 19.814049857746177 14.49420797415889 1.0
17.43100956151183 19.787544361203164 17.11353018299669 -1.0
17.329259233152715 19.67509050705615 20.187715787729044 1.0
20.049714571410576 -0.09633308686244746 0.10145779545484104 -1.0
20.164434290560244 -0.007291357488038237 3.164704500426198 1.0
20.172619792698075 -0.20688228721025936 5.870364787890549 -1.0
20.06607568946952 -0.291573899493379 8.815562687587402 1.0
19.940731945423405 0.018045049460844335 11.598108769830262 -1.0
19.983745531151392 0.15289111191083563 14.384356861263706 1.0
20.1508223223356 0.3001038423091831 17.237293109656136 -1.0
20.096585707702097 0.17845417898821586 19.995188245612102 1.0
20.06937848063989 2.9850098532784206 0.2237223319301254 1.0
19.92726656847893 2.7110219929724573 3.110971457767783 -1.0
19.88438704808841 2.737843893491164 5.823248882398607 1.0
19.87893569418375 2.6337436801917735 8.724337315093585 -1.0
19.647930615545537 2.782523207165665 11.494163763724838 1.0
19.99089336569827 2.8421116535456505 14.43224798612753 -1.0
20.0926954751894 2.9382115045206705 17.062152634640867 1.0
20.017298901457927 2.8678861648043195 19.802432453027738 -1.0
20.056812244964007 5.640716287481843 0.10586735361156346 -1.0
19.994712819512948 5.8529778825567655 2.6830690098630643 1.0
19.901364057923594 5.732389168766347 5.963987879346207 -1.0
19.65492818968084 5.452428610017022 8.80493929969924 1.0
20.014916132559232 5.618670638034779 11.527907110480706 -1.0
19.855347195473996 5.585924954773484 14.48587795301278 1.0
19.930040925874955 5.8493551210249635 17.20944352406336 -1.0
19.90539000424187 5.876871941718407 20.112982012526214 1.0
19.907766425742654 8.709164004849875 0.1486639662883655 1.0
19.761998833085556 8.687699164214234 2.9559228396591988 -1.0
19.94485766454944 8.407219673164091 5.700532653595255 1.0
19.877480111873666 8.512839211835205 8.756033472928118 -1.0
20.30598005025882 8.34112536171513 11.762907924852177 1.0
20.06029008817467 8.496099455531507 14.437845881124904 -1.0
19.84712414308214 8.630153818701523 17.140492233900385 1.0
19.77770555350135 8.855879870697267 20.01444945736533 -1.0
19.934496884542064 11.486284904432349 0.22446311085124687 -1.0
20.08043061498953 11.427623524273802 3.196448372068401 1.0
19.981586801855872 11.509325418698495 6.001471894175161 -1.0
19.703133170850503 11.248940016684664 8.717887368555614 1.0
19.98170180656802 11.20147595143429 11.516322397736042 -1.0
19.978679748434452 11.356803590998881 14.318822330289933 1.0
19.995527352356987 11.338008315910745 17.240882961007596 -1.0
19.97817605468061 11.49179250901504 20.062850468547786 1.0
19.920728048294222 14.050601748698673 0.3438207624090543 1.0
19.88750850382749 14.13652915943944 2.992252365791761 -1.0
19.898795115091115 14.104482378305757 5.828610653102293 1.0
20.091766408387148 13.968994221648671 8.6112884321559 -1.0
19.924219257681806 14.25127990733165 11.323363993594311 1.0
19.7430346876969 14.2870995435162 14.00026996821447 -1.0
19.72003111603865 14.09574054245181 17.198254582749698 1.0
19.863348280361766 14.248708925486111 19.860273975682336 -1.0
19.827900613671 16.940799380923345 0.2567874716083579 -1.0
20.02726640290521 16.644672206098605 3.027802402717748 1.0
20.172699285690403 16.804223891694033 6.026952444106696 -1.0
20.214564306328676 16.69640218825367 8.737619320302128 1.0
20.17312481833026 17.041025467303236 11.587690327048183 -1.0
19.856217172892748 17.163334823520856 14.408741770075823 1.0
20.02239650759522 16.991505805400855 17.211515638992267 -1.0
19.981661217915278 16.88985854528764 20.177888615229026 1.0
20.100113850225352 19.762434819589316 -0.03388632065667037 1.0
20.04389914319664 20.03957344188639 3.0252249618696334 -1.0
20.061637676094044 19.939955583139856 5.873982144582947 1.0
20.309321741453687 19.940257714321877 8.794277857270133 -1.0
20.243105984437026 19.738940392607937 11.694675750889209 1.0
20.124290323204193 19.936367492609133 14.327527368089836 -1.0
19.994156754165957 19.846578828565836 17.444221371520342 1.0
20.045111174865482 19.979725829443264 20.075061048703866 -1.0
