512
22.728
0.13490939195126833 -0.04318941464115156 0.1996748384538525 1.0
0.264910415880848 -0.08143361983487551 2.849713663206121 -1.0
-0.05253412680056968 0.14973135670193521 5.957669157056857 1.0
0.11911973834508131 0.11425172450097218 8.580253604911297 -1.0
-0.026621092429849114 -0.06909734839900139 11.913780485087592 1.0
-0.01583240965611294 -0.25421921120306834 14.432002063901164 -1.0
0.17113420469656232 -0.2706096909048945 17.221257263968862 1.0
0.27406995382218446 -0.28993266876776147 19.90201714435033 -1.0
0.28837200989356787 2.9483727473429746 0.14589558786243323 -1.0
0.21565705672624502 2.8053019996829107 3.0446526559129334 1.0
0.15915011669338394 2.8788597938260043 6.064151174382208 -1.0
0.11346409243217025 2.8374924118135714 8.637246898488653 1.0
0.11290624493492467 2.7881638173198597 11.402826786848758 -1.0
0.0805285546319243 3.1470926122939944 14.230520342089386 1.0
-0.1292164375131506 2.638531894894355 16.984611673086356 -1.0
0.1319626273226679 2.8322428166198392 20.056268410322716 1.0
0.3386808273128471 5.521716936726861 0.2685844929143994 1.0
0.4085597126492699 5.642251898982135 3.01752117189498 -1.0
0.11636639718920241 5.6745900843128005 5.788597076014333 1.0
0.041279507706747154 5.739984371051146 8.69039434253554 -1.0
0.20671175984243523 5.556973472233522 11.347996299316723 1.0
0.14595488076171184 5.680847682894289 14.538018953535202 -1.0
0.12895790800884896 5.427359808917717 17.346086111883476 1.0
0.12845567680063916 5.551898997782202 20.102061471599278 -1.0
0.19398381973877654 8.688406271967098 0.18299582233982845 -1.0
0.250929188335336 8.468673499994209 2.9981062976942185 1.0
0.22837181473422527 8.512522916852873 5.770911395473737 -1.0
0.42701359396593336 8.515786381810418 8.764508714402217 1.0
0.32054721692487137 8.298935442936079 11.48976951301499 -1.0
0.18508385724907797 8.450758155937697 14.556498980275096 1.0
0.1719186077646322 8.607827804872693 17.278917099371636 -1.0
0.2792657301300879 8.164015647695734 20.063058159947612 1.0
0.19586501518809052 10.931655489344767 0.054928545869905115 1.0
0.35002703003327246 11.273968602899421 2.9164519367141266 -1.0
0.2653129294005225 11.26362782763742 5.937625843308152 1.0
0.27053179319619236 11.264087615165352 8.865847534384754 -1.0
0.2135184868703346 11.222304482993184 11.573128702862133 1.0
0.09185999248134737 11.338591480275614 14.260024273944387 -1.0
0.19580347425645783 11.45185569378632 17.228909999898846 1.0
0.3057749677390079 11.276826509484188 19.804087589520382 -1.0
0.3873517630585271 13.95952056155773 0.19047073927831729 -1.0
0.1726313259762948 14.008006237590843 2.8965837827792105 1.0
0.036213691582086364 14.144580120092941 5.955461717970867 -1.0
0.4221231059126306 14.166093655584127 8.86315771187841 1.0
0.3801345135365908 14.027519569199677 11.691102194265943 -1.0
-0.06155828850950229 14.243989092580952 14.314513946658725 1.0
0.19258012919670583 14.280616903290886 17.19577112577932 -1.0
0.33746806507969684 14.200778370693426 20.240316080590826 1.0
0.4049516113927343 17.109076096256523 0.16449010521124602 1.0
0.4176893304434137 16.840593862795615 2.8228836140832114 -1.0
0.13091701760539023 17.049001449136853 5.930452991128322 1.0
0.30873311683852883 17.000495993613647 8.876806243634661 -1.0
0.34172081205477933 17.074856588702094 11.717135685584664 1.0
0.31330857969198256 16.836799788304905 14.450917308208316 -1.0
0.2312554903792444 17.00320531369081 17.229049143633368 1.0
0.31054896122640085 16.879782456780966 20.137882402341997 -1.0
0.45442028689873104 19.927326695858454 0.14416537436293442 -1.0
0.3104294412826743 19.891734975873128 3.0078772923436397 1.0
0.09276978658739701 19.820837554545033 5.8298014465878385 -1.0
0.26768645846110756 19.947363997382794 8.80466779833767 1.0
0.20712785408591278 19.929314372133 11.476760045905772 -1.0
0.22787135078295098 19.801442685263698 14.361042724271277 1.0
0.19648115639085936 19.759852913503256 17.334235915750536 -1.0
0.310426567205191 19.613283216718468 20.151522845398205 1.0
3.119236579837805 -0.09467655382093199 0.14642320484505386 -1.0
3.011294677000112 -0.037067505781163135 3.1432932495958235 1.0
2.7953519886880867 -0.03197157063789782 5.847707555686639 -1.0
3.1320575299196576 0.2296142231947068 8.579108018242868 1.0
3.0016240049078267 0.08337039177936822 11.811251181656628 -1.0
3.026440130536574 0.032225326290795664 14.653839492911773 1.0
2.9433517129022273 -0.44229777773858814 17.451640510425594 -1.0
3.026378883498603 -0.26315893811924695 20.060726566766153 1.0
3.0417942840823216 2.8215713501838464 0.31358693492719614 1.0
3.2511036301207903 2.6969056498665265 3.2518593929643744 -1.0
2.948161888369276 2.8503180923438443 5.866822923579822 1.0
2.982820256320967 2.8007425233053587 8.612114203992398 -1.0
2.9286562264571385 2.9537245306682345 11.464862729580693 1.0
3.14336089364209 2.803458768043153 14.39566305304533 -1.0
3.046087682533126 3.0019695808254427 17.203871543288667 1.0
3.019694329520711 2.823867388394548 20.06604952653391 -1.0
3.0864096115317743 5.608513132063782 0.342501363286454 -1.0
3.166585525222812 5.412975759104583 3.131318971700266 1.0
3.0598028329347646 5.485891989427245 5.922778757928674 -1.0
3.106087368243366 5.631288519253635 8.729413632867836 1.0
3.033145283790362 5.772844044760755 11.547888353018157 -1.0
3.0582136099983477 5.7609220848346405 14.189762119652347 1.0
2.853545819570804 5.548756415179593 17.24065453896903 -1.0
3.0741490461026966 5.533253384884699 19.970668144159887 1.0
3.1495869913624106 8.39034770174817 0.11990414318674937 1.0
2.9644292358076165 8.654737537202092 3.1090290258762048 -1.0
3.080030073006482 8.336080175390771 5.882938247432005 1.0
2.984512085541132 8.510983098808392 8.626485670981 -1.0
3.0564793845315297 8.659612523739762 11.465454509182221 1.0
3.183398242674354 8.3650835733287 14.768232318413654 -1.0
3.1592033905145747 8.67524998115816 17.321390535401427 1.0
3.0740472402148034 8.32265923445148 20.03038852417931 -1.0
3.294419512136657 11.19805733211188 0.14913708246712823 -1.0
3.102712891678587 11.170429663895352 3.3902711511540433 1.0
3.418136061064222 11.068937707797406 6.065935305061379 -1.0
3.290281490055586 11.491189676017521 8.93294707433184 1.0
3.0163258186864907 11.308363501154508 11.499293645886834 -1.0
3.1596638972226088 11.288728299504346 14.533030681563812 1.0
3.2829943629902174 11.183462216445255 17.17704100360377 -1.0
2.9647767200375066 11.407446809003337 20.332756063820277 1.0
3.1720683132493095 13.78844823342485 0.4030770119224202 1.0
3.0973138733293863 13.881930444387017 3.018917327708684 -1.0
2.962415137128521 14.333203963459773 5.903296106219685 1.0
3.1328768516056757 14.114574697155788 8.779092557920386 -1.0
3.283400584390993 14.157621651969029 11.946763059094753 1.0
3.223366197408877 14.204995397874152 14.748563106296185 -1.0
3.161556892869711 14.12587053529491 17.469989266245317 1.0
2.99794561006609 14.094446243780672 20.375172283798527 -1.0
3.315523276010487 17.13629848512814 0.18557693691119037 -1.0
3.054449811985689 16.86419331749329 2.91299018834609 1.0
3.0160946214372357 17.011348977371675 5.913073895681821 -1.0
3.105049178633699 17.132537339445644 8.620925141058056 1.0
2.9422448284706997 17.0908836476307 11.709199263436023 -1.0
2.9789196276558916 16.703185119842708 14.664604464657344 1.0
2.984626538698798 17.02030752584228 17.37688753454632 -1.0
3.2502813715363046 17.169130550662306 20.159138457528943 1.0
3.254825827136659 20.106915675345054 0.14207625600358328 1.0
3.1570102945890732 19.92067597645727 3.0077926713417926 -1.0
2.796856040717866 19.838827030050613 5.989609907758971 1.0
2.9216361194660943 20.043927888549916 8.69424746362296 -1.0
3.373931467940669 19.829390883914684 11.493165501462126 1.0
3.1331381518743067 19.540731587339792 14.507074125987645 -1.0
2.8785725451681357 19.70188996845046 17.216623353969055 1.0
3.1822147960522655 19.814418579377477 20.155711719747526 -1.0
6.058649827793294 -0.05512173203806725 -0.06895155966054745 1.0
6.159867513505554 -0.11619207012438437 2.9657465353147745 -1.0
5.875103122587376 -0.0022219616731206093 5.942801413937278 1.0
5.734502589895802 0.1287555056174487 8.717095518945591 -1.0
5.735065359712138 -0.03286053484806928 11.527627701961963 1.0
5.950707193090462 -0.07202475072433501 14.538881672367417 -1.0
5.727755005740624 -0.18935600028146382 17.468466585545993 1.0
5.999888966620142 -0.0001284409928388186 20.118368811558668 -1.0
5.738113161810555 2.873229151468061 0.17898935846360398 -1.0
6.0001286708003345 2.785530553983702 2.971759319693464 1.0
6.145220590106284 2.728469271033287 5.968508724046708 -1.0
5.869875423907343 2.7986647309727033 8.70371714067633 1.0
5.779463066816121 2.9169561086093165 11.533693999696817 -1.0
5.7745326907170025 2.625842576632923 14.333026499662811 1.0
5.844641252106244 3.0380357389914163 17.193618780232388 -1.0
5.866504162271135 2.9082622738252097 20.07713539153035 1.0
6.0518476752659796 5.455820974854707 0.30749252847359343 1.0
5.919574391181063 5.634465571563218 2.8818562136623505 -1.0
5.926724286506328 5.378660830009252 5.8831667387443325 1.0
6.087276225902925 5.668354958171536 8.752178903687309 -1.0
6.158269283270587 5.9284099320109265 11.439936723870742 1.0
5.818032203020888 6.101300946862818 14.42320617049703 -1.0
5.861562426030905 5.85019482532468 17.09783058576329 1.0
5.905667411835055 5.713820107847683 20.14621353434585 -1.0
5.954427704241941 8.37866052485855 0.4381760262936366 -1.0
5.8358157599048965 8.370226211434309 3.016448545704369 1.0
5.830972829374397 8.221844316622823 5.983715193585351 -1.0
5.746969599779349 8.593998305613333 8.725522835838303 1.0
5.938618914606942 8.700744891819896 11.622251493625981 -1.0
6.1555848383682426 8.555113681435317 14.465621120414793 1.0
6.053890784263354 8.43410222337789 17.331765090404968 -1.0
5.93833485969901 8.410153923735148 20.196540499782717 1.0
6.017468592037039 11.35869500994844 0.41109162032567775 1.0
5.933352935403184 11.289581209695038 3.272072778320697 -1.0
5.9730541398667665 10.896917949947449 5.857457430324361 1.0
6.0961288374070595 11.418196931677446 8.800028125407863 -1.0
5.949240042894957 11.624816931160954 11.58893886289061 1.0
5.959044122966905 11.479280091988166 14.397078246811214 -1.0
5.906299240817284 11.372239580002747 17.238280860023107 1.0
5.9271676998141976 11.269513567614945 20.14517833830451 -1.0
6.042103787046259 14.184534470005747 0.36485008116221695 -1.0
5.813501069732107 14.045999736167284 3.151273780801507 1.0
5.886463823882825 14.227398505660751 6.042857417433791 -1.0
5.988408557705931 14.14696232957684 8.782932773164475 1.0
5.895090602095441 14.195244890349427 11.7408673360763 -1.0
5.974615984545234 14.219079863899351 14.553407981400058 1.0
5.941332779241229 14.188752518228826 17.326862837742702 -1.0
6.014456090938563 14.211924380258012 20.17068534705284 1.0
5.96780622536911 16.884246874076467 0.12985417711181488 1.0
5.707008901089913 16.993172505460347 3.0874465473067056 -1.0
5.966129716604396 17.10352402337331 6.00679130561464 1.0
5.759947238789482 17.114657499548212 8.91652485084433 -1.0
5.941163660429841 17.080969488840832 11.774271043218278 1.0
5.95874173010867 16.940395607951658 14.493505694680849 -1.0
5.901409289928238 16.935024753674192 17.14136222765916 1.0
5.96563480895126 16.803434483029278 20.101209355717913 -1.0
5.913566474787629 19.588052917777436 0.00866463853134225 -1.0
5.7982519797235605 19.84187967509344 2.647036104058144 1.0
5.668799952063938 19.778361663344782 5.7775120775032365 -1.0
5.89196203967697 19.778827614112956 8.69208903542975 1.0
5.954936207482828 19.818248951755308 11.487442173692175 -1.0
5.871672499336064 19.903700711095976 14.555837603511726 1.0
6.070638436973906 19.91420151514829 17.319449433381358 -1.0
6.0268037589386605 20.005913563500563 20.035108566896703 1.0
8.738916918360765 -0.0743508110977622 0.29217757760619856 -1.0
8.762756190869322 -0.053265485408168445 3.277244787313022 1.0
8.427067608977884 -0.16055756690859013 6.002316891698805 -1.0
8.474919881765262 -0.02339371932367129 8.674712787725518 1.0
8.746138975755487 -0.044328191927032634 11.5185910206878 -1.0
8.968191019190309 -0.11016029400470018 14.405605891108449 1.0
8.821521107522887 0.1785598299487684 17.248482055531788 -1.0
8.79770471668954 0.1316565343860699 19.889953860521455 1.0
9.000879308371777 2.910425228731713 0.001399727786901091 1.0
8.86881285896241 2.9639413890982556 3.1029147107006634 -1.0
8.80574632456842 2.788937479866162 5.817817197205168 1.0
8.791578060831306 2.7420240918498435 8.773051669124259 -1.0
8.950675894564032 2.870372419360376 11.52479010658481 1.0
8.789019536788082 2.90024632282022 14.426359305806884 -1.0
8.611261463104354 2.9682531820468063 17.18745687627644 1.0
8.73744072147995 2.8636732701580576 20.236713200372236 -1.0
8.759605007206236 5.6566410904560165 -0.147780695207409 -1.0
8.703154844069887 5.807217582035778 2.80464049505958 1.0
8.810471388181334 5.721604392636873 5.871563562931208 -1.0
9.021642296340458 5.861795571462009 8.603978237388384 1.0
8.813332831273616 5.841725875342263 11.564142356186602 -1.0
8.61585498049004 5.559616061778788 14.38705089204565 1.0
8.868494977429373 5.8527974812960055 17.3982785832171 -1.0
8.678100881734613 5.887877137181663 20.048550608554127 1.0
8.693464918332793 8.527885096344408 0.2258299115868348 1.0
8.560214182659452 8.434726084771722 3.202880750059896 -1.0
8.605164649402901 8.393707932078827 5.8089542708593145 1.0
8.66233164050813 8.384289326738072 8.66525494898825 -1.0
8.853943094099666 8.746355709558058 11.628598318165665 1.0
8.764985524888658 8.528065516793303 14.385051758425968 -1.0
8.823844952903274 8.574573969380285 17.21053703088112 1.0
8.903104016473208 8.56313840431889 20.16623177102482 -1.0
8.737861747792563 11.557773488252149 0.32546862490715883 -1.0
8.665872851656856 11.586960756988569 3.091150272383047 1.0
8.730820015575667 11.445434137380664 5.964542235606334 -1.0
8.79565062067825 11.15843145235852 8.800212247402362 1.0
8.825917527564075 11.588815785844773 11.429100330794475 -1.0
8.710433828259642 11.676223883931701 14.18119853331928 1.0
8.646328707881985 11.516278400627044 17.461309152977705 -1.0
9.013006564635127 11.390902179875482 20.110927607620493 1.0
8.884502016986515 14.303519807180523 0.40145918970396643 1.0
8.989041320142116 14.246771122678439 3.130235016267137 -1.0
8.84820650734407 14.169025848900677 6.066950498972888 1.0
8.860866097884928 14.423794650143623 8.69284536669738 -1.0
8.993986776742531 14.400189329356193 11.661795905168276 1.0
9.246692902568556 14.427558426098255 14.586094616045571 -1.0
8.901843238093834 14.288605982658085 17.42978629159508 1.0
8.909935722259435 14.415738905895202 20.21302428651001 -1.0
8.579177157367651 17.164971629999226 0.26481017714390626 -1.0
8.9193758647472 17.201777356204612 3.232974680234501 1.0
8.749277109418669 16.91859413962082 5.979092924620836 -1.0
8.754181692543956 17.106948007461764 8.82008445495879 1.0
8.691753963659632 17.152698111944915 11.557074783060939 -1.0
8.750129107052945 17.171686071032013 14.623089888009117 1.0
8.836697716910793 16.983026844869006 17.35644569179632 -1.0
8.752851604362084 17.074890583228218 20.101791314912933 1.0
8.421942448850327 20.143365576811053 0.3640027354689803 1.0
8.631222926485268 19.756759347639782 3.156553758433494 -1.0
8.83699377487121 19.890339780945304 5.780598461847156 1.0
8.54318986395505 20.010392599884728 8.680166031662425 -1.0
8.683711549186729 19.96002160774503 11.454572761949207 1.0
8.756944683448808 19.839746058342882 14.464664979900029 -1.0
8.955700074490709 19.6868694186639 17.362646706197683 1.0
8.663626042547142 20.024203694614524 19.967557277927494 -1.0
11.82343212422344 -0.16160946011706656 0.25442000862815484 1.0
11.447054676340088 0.02460207620779542 3.1762967990343958 -1.0
11.704215703664337 -0.03717372209505854 5.857938605598318 1.0
11.620687339915987 -0.02953978268138968 8.470753337599836 -1.0
11.765074005637237 0.21584425248508166 11.390947916989829 1.0
11.55229907009263 0.20527954806817647 14.206325445109265 -1.0
11.578558409195209 0.11593636738544467 17.04885043466607 1.0
11.511020265720399 0.08438788350695378 20.173690647330115 -1.0
11.742124306032306 2.692584499071828 0.27783142427004 -1.0
11.434357319865999 2.7788208649077553 3.1113146430801577 1.0
11.514444041796542 2.8093477140624117 5.634706123098091 -1.0
11.640830152202135 2.8715502636377774 8.522122591472844 1.0
11.441356861564609 2.78244981740533 11.263172589674049 -1.0
11.574750093914922 2.9789004354090522 14.185643533081688 1.0
11.637320996645542 3.091795715751098 17.18159983515775 -1.0
11.594161262418154 2.814715215456006 20.037582601281738 1.0
11.563385046158523 5.7109223032009755 0.2347066324754879 1.0
11.547121428630145 5.6894930829734225 2.9138797860916723 -1.0
11.460798750209616 5.511183029394674 5.581174620344272 1.0
11.728598520129907 5.5813750014674905 8.600143286747363 -1.0
11.449471549995566 5.880019380315127 11.463405374521527 1.0
11.458946588598362 5.790166465659422 14.279685023711753 -1.0
11.602145250536946 5.861898512733037 17.20902444034739 1.0
11.69459967729587 5.724762726465665 20.199723867743923 -1.0
11.583690693150622 8.696896692910567 0.3452265625522881 -1.0
11.676002377210677 8.631840561701125 3.011720314277691 1.0
11.801065256035768 8.521485396023339 5.813177279869759 -1.0
11.826594490838518 8.364095054604611 8.60726492738221 1.0
11.85367493654647 8.637724066847268 11.51712840731051 -1.0
11.749244654917618 8.696214468062472 14.43502852895465 1.0
11.613753836122719 8.736272725750812 17.0836282864897 -1.0
11.554018396788306 8.37903024594987 20.385911834139453 1.0
11.552961635796972 11.40845649409148 0.24923094993885853 1.0
11.534993090558626 11.41571947274635 2.953604270281252 -1.0
11.60743015380141 11.44589916663335 5.779495073970079 1.0
11.673067738231822 11.548538223841886 8.724397706483968 -1.0
11.814061679332376 11.544937264566279 11.393388036965117 1.0
11.415257007676884 11.336961220240035 14.280870501167698 -1.0
11.492268134866935 11.494432485345776 16.99746262135452 1.0
11.72502191039902 11.231381355324077 20.032010945255543 -1.0
11.70504769188896 14.329828835268675 0.11824339531328229 -1.0
11.712335797496896 14.230998294299456 2.9521804658421282 1.0
11.806258879652026 14.196970643799869 5.99968611927057 -1.0
11.698691854328725 14.171566326227467 8.827466208829811 1.0
11.620170375506035 14.380552665974909 11.412854962265385 -1.0
11.864574799733509 14.699012471416575 14.49764280811013 1.0
11.742939302179185 14.18005984797719 17.447380100044594 -1.0
11.783443992829167 14.454324553585662 20.061681065266388 1.0
11.746645566641504 17.239581593082676 0.2868242005595844 1.0
11.728094790408859 17.09904123125816 3.040874755142098 -1.0
11.715842256322214 17.072001694351798 5.875930268168769 1.0
11.755838525141629 17.1026001972858 8.673746354256645 -1.0
11.699325973033936 17.04083429600817 11.3803897507587 1.0
11.81351319888788 17.1220614340936 14.787248894354251 -1.0
11.775246623991402 16.8908607536591 17.376379576920147 1.0
11.987048219004345 17.33491868775748 19.943796391517434 -1.0
11.67884377603053 19.778667842535196 0.43859351980484895 -1.0
11.842924364254525 19.663570759715444 2.9882108310466586 1.0
11.841350444769704 19.76002457002022 5.8741081373197215 -1.0
11.645741012650959 19.952284292745023 8.672604666845796 1.0
11.417215671574303 19.75558279704997 11.439114268006746 -1.0
11.396074888522495 19.850573109853343 14.38233094294296 1.0
11.677614953955654 20.03339757800017 17.25542089880522 -1.0
11.428636383892673 19.875966437472766 20.20151172202263 1.0
14.51018038382031 -0.07098673338867201 0.14591922942129698 -1.0
14.385534870256134 0.13582474704230135 2.8696995158939362 1.0
14.385140527420814 -0.25726182328012115 5.5677507129664265 -1.0
14.550672008425714 -0.15012623063862662 8.50332261761483 1.0
14.467783191569946 -0.043368200412430724 11.246189658375526 -1.0
14.361916641331101 -0.07068652025918354 14.346584688947 1.0
14.393936066886234 0.039993457489180095 17.029472969125408 -1.0
14.425432529742045 0.19881067669437189 19.998963384986826 1.0
14.350283882981614 2.9023548816139866 -0.05798056830080611 1.0
14.173938022343306 2.902602637625534 2.9908953159383267 -1.0
14.52636525448398 2.943301396549464 5.780781204317272 1.0
14.332572921673943 2.648035615069104 8.539288919833822 -1.0
14.236725582156096 3.15452499695618 11.421362097778303 1.0
14.394112591830645 2.871163629442607 14.12880312304376 -1.0
14.359129389547645 2.7820406702178513 16.931719832790577 1.0
14.51855856300504 2.7906042363258003 20.00666309844419 -1.0
14.414199934564836 5.673049448540687 0.30482136499756396 -1.0
14.583417640395886 5.773436129020293 2.9188059254692744 1.0
14.78106215044798 5.746452179022267 5.662877110422816 -1.0
14.342919776584356 5.679083697484803 8.608763034946783 1.0
14.517220572351777 5.83137148504303 11.5012160703606 -1.0
14.795492209176398 5.628303032315561 14.415082915920973 1.0
14.48956600769022 5.579840965321679 17.05367678890697 -1.0
14.364353213971386 5.643151875606309 19.796422685468837 1.0
14.33242684173345 8.57441493171513 0.4670236301948721 1.0
14.472261598788588 8.330186502066674 3.2004807163956452 -1.0
14.480173526363624 8.351969408056803 5.726718428075144 1.0
14.440635602580004 8.523880669117878 8.385283862430198 -1.0
14.415147340053856 8.502153563211943 11.62659660602642 1.0
14.540615901857677 8.86350718690017 14.360452992818095 -1.0
14.421021252169222 8.839680494350448 16.943477780619837 1.0
14.259900758132726 8.495070371672556 19.8078816028003 -1.0
14.353003081256746 11.375512470338661 0.40630884681417223 -1.0
14.278553982000604 11.377374747835672 3.026602908804919 1.0
14.463011876657857 11.45448903226912 5.678481409778487 -1.0
14.271298232479605 11.410822328740931 8.333990488394958 1.0
14.573568464785666 11.554310435877957 11.51878359937013 -1.0
14.483810692316537 11.609423393102945 14.173879503228747 1.0
14.509896816588325 11.448332063637837 17.217393864992523 -1.0
14.489889625436344 11.221156135294233 19.885906966899487 1.0
14.526171242903748 14.127563567901696 -0.09289624436022592 1.0
14.473165855930546 14.055765838492366 3.0183396314504134 -1.0
14.632059075353538 14.303378484838985 5.897580406086606 1.0
14.42896202864675 14.348796694975118 8.57236858873465 -1.0
14.542367031236271 14.243970405848158 11.238620941556144 1.0
14.513642774187849 14.321615366998087 14.368373046138888 -1.0
14.623981563839022 14.02178402989495 17.21826298777763 1.0
14.52753155635022 14.365537598029858 19.8587606081938 -1.0
14.598172672603948 16.87517423535317 0.17696834540990594 -1.0
14.634018767171503 16.75672844711798 3.082633792556406 1.0
14.62695595204392 17.21584718566147 5.664048753888084 -1.0
14.499912994870265 17.014921701343926 8.479752966065425 1.0
14.483470283678486 17.13110147988151 11.53836017564063 -1.0
14.545057588867047 17.15058536445626 14.411622561000367 1.0
14.43708040126498 17.08239738390514 17.210473657950665 -1.0
14.537015190824038 17.255419198033046 19.93510729922554 1.0
14.509422232367253 19.88666341124372 -0.07450568832854287 1.0
14.465063999375284 19.92611923223 2.9201301470004943 -1.0
14.475263009122779 19.987485264451912 5.7315425014251105 1.0
14.79166642665922 19.892464192659094 8.497209894485731 -1.0
14.575671843786976 19.736342413221802 11.136522583149667 1.0
14.296506322691592 19.828309644173142 14.085743438931164 -1.0
14.242307806353686 19.841201297528585 17.223494297390655 1.0
14.177711491508783 20.157639047213195 20.025366676721028 -1.0
17.2467420171805 0.16753899377691844 -0.07899940760375657 1.0
17.28778695073863 0.1962828499855827 3.0308666791807317 -1.0
17.246035425345774 0.033401148878693956 5.684336147979052 1.0
17.38438772089077 -0.053717195334492374 8.581643883556309 -1.0
16.98236025340884 -0.3163700052596674 11.352869808690723 1.0
17.33650250676901 -0.29714926234660055 14.17363364732819 -1.0
17.252428866068026 -0.1503604129220939 17.319682555153655 1.0
17.156021416550395 -0.071276025586819 19.902625052341115 -1.0
17.086345234640383 2.9486935383954274 0.08982808289782085 -1.0
17.09752957869791 2.8685032134615827 2.9436363842248627 1.0
17.178927644294905 2.8738893740653157 5.786230576543111 -1.0
17.04915682576378 2.8553668946268944 8.629495282402733 1.0
17.01753453636134 3.09681193169523 11.396746686970195 -1.0
17.406514833060083 2.6394094304666598 14.064616209048896 1.0
17.206512246073864 2.7638769248448307 16.911262635658307 -1.0
17.328370690854783 2.700371405410792 19.807601704480383 1.0
17.252077393815558 5.69501680868216 0.040254354761838584 1.0
17.512347172919544 5.778108477237684 2.95719261429475 -1.0
17.399719439412518 5.689811393790033 5.7503210727761696 1.0
17.324537122433885 5.683813194026043 8.600081129363577 -1.0
17.428653052211498 5.709673967022616 11.448725869638462 1.0
17.305229916359227 5.631991105565013 14.209718853259158 -1.0
17.12659182825031 5.7020579306756884 17.299633185377942 1.0
17.37533437680435 5.7154153087956985 20.012365358533913 -1.0
17.174733930766184 8.455586682566581 0.020113123304944337 -1.0
17.46510751079633 8.452546347406 3.2175912718752286 1.0
17.587659590532386 8.39742968937899 5.8463537121438245 -1.0
17.204087488727218 8.387964805620278 8.487044161117929 1.0
17.030416080576853 8.65628834401064 11.590250180377959 -1.0
17.264107809213744 8.534064944929279 14.185116125550925 1.0
17.324396926962443 8.655430542765039 17.131683678689257 -1.0
17.185291638423386 8.485801100592333 19.769994136398104 1.0
17.312912090748075 11.49662875161189 0.1442740278400916 1.0
17.29047616184909 11.436608370093394 2.9793269571155068 -1.0
17.420028644412877 11.448066373458438 5.701264902846085 1.0
17.39840787371965 11.449952401584158 8.305570011728744 -1.0
17.116457776670003 11.39019481845937 11.548268783721705 1.0
17.131792634101085 11.5514738779785 14.385575774380449 -1.0
17.201916015718055 11.430713719816142 17.102779625507956 1.0
17.29931240086863 11.34171230009348 20.04403515364827 -1.0
17.36008288909199 14.148758060650932 0.03141458491364091 -1.0
17.20653867103235 14.379139070893482 2.8480826711023743 1.0
17.413441021938443 14.477291703093439 5.639536096626431 -1.0
17.078962467514213 14.310769909698934 8.521763777838954 1.0
17.222562996326907 14.095242041727978 11.232862404236581 -1.0
17.350155150844486 14.491509775235286 14.084000933293371 1.0
17.39140000528309 14.232397575758586 17.06199788763864 -1.0
17.39132332366609 14.29142608047935 19.784519510520624 1.0
17.484928738888083 16.857384333971606 0.013886703697150737 1.0
17.386616393708174 17.056156247209252 3.0910474837830235 -1.0
17.323963621129042 17.31976975161363 5.763767694974614 1.0
17.180582691861918 17.081533233851527 8.686662712528292 -1.0
17.285190751413815 17.171392787020313 11.494467181179928 1.0
17.379805831835974 17.237206313209867 14.40789035076369 -1.0
17.295346499002505 17.150451271169178 17.18829726632743 1.0
17.60036524272577 17.01395367665404 20.066108028870076 -1.0
17.343701520288146 20.04778979647789 0.017968246857121107 -1.0
16.982192549299967 19.93921361218802 2.87323093855461 1.0
17.38610794521582 19.87544244819136 5.409196515712604 -1.0
17.429967876525723 19.767818292281248 8.321922518741252 1.0
17.37232412641732 19.80883942191195 11.426925784198263 -1.0
17.411222076156253 19.86087955441373 14.350963603045434 1.0
17.298739215085373 19.72223907945572 17.23024998883044 -1.0
17.37889335159203 19.905868019278955 20.01820040927973 1.0
20.083481736765386 0.10407547944234698 -0.056091455645201904 -1.0
20.01986684352206 -0.23286086023989228 3.0222486386692453 1.0
19.916065192856806 -0.08606328777073458 5.615865325595944 -1.0
19.965615942777994 -0.21666542599394134 8.773871046090223 1.0
19.960805756048686 -0.12520995163788484 11.498494525740433 -1.0
20.06884608651497 -0.16937569297190436 14.380039814086047 1.0
20.06219873925524 -0.17377424276335773 17.05233013624521 -1.0
20.266624037819714 -0.035214318599813055 19.68170413620509 1.0
19.82040450352022 3.0196332917714037 0.12470293140040624 1.0
20.279842432371225 2.7984346408066676 2.8311525951490957 -1.0
19.954053876193807 2.859114096914017 5.910931531046762 1.0
19.832775167190245 2.780161022044881 8.61933370784006 -1.0
19.934101651144875 2.9774814050272984 11.177829192695677 1.0
20.00112974159325 2.9484451682346666 14.135278532699056 -1.0
19.919880514372377 2.7475330456495133 16.972109890966948 1.0
20.044112395054427 2.5731995562456373 19.88839823537922 -1.0
20.099955105164725 5.624093162618854 0.1701500893310336 -1.0
20.06977920290271 5.499690317357759 2.8165409190840465 1.0
20.113536986552784 5.6809138130738885 5.766537097663283 -1.0
20.00554082076511 5.637662466879913 8.454867870434652 1.0
20.164861576505704 5.758079537688401 11.29948945497374 -1.0
20.094259766291135 5.61256837594017 14.198758699861749 1.0
20.09228582196827 5.761194298414146 17.246600389759468 -1.0
20.060653702823284 5.78210741090055 19.905184013508915 1.0
20.158196391727678 8.650175395978838 0.19092844325219813 1.0
20.053087854926414 8.392062853140423 2.797726547310164 -1.0
20.21304911610388 8.533525361553744 6.024289774389888 1.0
19.993067779222933 8.32855134661398 8.542685572969694 -1.0
20.338514901820282 8.497044790985788 11.297131241855777 1.0
20.063231148572665 8.637792970874376 13.999841562143795 -1.0
20.327067554917328 8.803693035952408 17.133790373968584 1.0
20.034727183015388 8.541209935779529 19.946692347664932 -1.0
19.970301935757238 11.248358817852754 0.10876925784994872 -1.0
20.294094878723723 11.375882946397034 2.9144303501471667 1.0
20.379306714354268 11.29565620036541 5.865293545946707 -1.0
20.191936940090788 11.44916284107063 8.71833903523586 1.0
20.252091568952164 11.530900766917567 11.545771900930218 -1.0
19.865765252121204 11.345471260355357 14.234002532300217 1.0
20.18064786309304 11.41919653264312 17.00758416233718 -1.0
20.12358731726883 11.325920738808893 20.066088403935552 1.0
20.20389804006245 13.895360225182513 0.13893935349453432 1.0
19.989289719109724 14.179332331041193 2.9992690510725954 -1.0
20.08842532835971 14.09512343599964 5.946067214186586 1.0
19.999959689004093 14.178949011165232 8.655294604395316 -1.0
20.154221399012958 14.032934677755781 11.336595587591546 1.0
19.916123989673697 14.400492731073186 14.285677406528073 -1.0
19.944366887371682 14.238527233028412 17.14563928008084 1.0
20.107333596455163 14.096536991385694 20.006105591676818 -1.0
20.218541544613576 16.86919466839123 0.13786004822542097 -1.0
19.99129055821326 16.993118963068515 2.961529643168203 1.0
20.197239478045056 17.1116132617108 5.702738048668513 -1.0
20.19110076104458 16.954923989821964 8.534113255616228 1.0
20.169928838087554 16.830160563820588 11.33743342141818 -1.0
20.26343775433375 17.106625666742804 14.34044417101963 1.0
20.11566007124783 17.17513538323607 17.10130198355516 -1.0
20.325541874072474 17.010126912454428 20.159888641120645 1.0
20.106968000386217 19.957506038899172 0.07937781684162562 1.0
20.100651100206893 19.796524808942873 2.800190389335188 -1.0
20.174261350080275 19.821276810505573 5.487698604234347 1.0
20.06366962857777 19.69264151753318 8.57706657186113 -1.0
20.105020765913295 19.932447528405692 11.370572843535681 1.0
20.28044793783187 19.686724990084674 14.20766538979809 -1.0
19.95025208797127 19.765695098711205 17.120382554866108 1.0
20.093920139888002 19.82654946678477 19.963576929902167 -1.0
